   1.00059439623385       2.527133705521086E-003  6.254534079685646E-025
 -1.717492875859922E-024 -2.449601676272440E-026  1.656964111430581E-025
 -1.191561181760475E-024 -1.386640857594996E-025 -1.182144454621013E-018
 -2.632536421860731E-020 -1.692409987490898E-018  2.674924128420989E-018
  9.819036020263119E-019  6.947895094943078E-020  4.875985556198312E-021
  1.121381806485084E-019 -1.747804071283963E-019 -6.333010298015678E-020
  0.557287084186723      -4.250493417584601E-024  1.390876275431679E-023
  1.181903656937414E-024 -1.353541978077002E-024  7.323978313653335E-025
 -5.744091690588035E-025 -3.193820757849592E-017 -1.619971717821891E-019
 -6.337117012612100E-017  9.510055674211737E-017  3.704591250387795E-017
  7.834429025167780E-018  3.648164111966495E-019  1.194981395367240E-017
 -1.822462916208563E-017 -7.141697896481211E-018   1.00324395468590     
 -2.132006674542472E-015  2.993594111498398E-016  1.604882324977014E-002
 -1.721791177388460E-017  2.741130697360758E-018 -5.691719905818246E-024
 -3.912451023726495E-025 -5.299285267223851E-024  7.252759900963770E-024
  2.791017578005324E-024  2.197063059230115E-024  1.704324681471945E-025
  1.011045913825168E-024 -1.822305035127199E-024 -6.414317940193911E-025
   1.00324395468590      -1.155889748348070E-015 -1.722688109411379E-017
  1.604882324977012E-002 -9.611225398502336E-018  8.305537659790043E-024
 -3.910004881373899E-025  1.005045451510178E-023 -8.029959732654869E-024
 -7.041177659985395E-024 -4.585878564491286E-024  2.177708625599775E-025
 -4.869176539552219E-024  4.571904517123589E-024  3.729845205224387E-024
   1.00324395468590       2.772757280513219E-018 -9.561534015197849E-018
  1.604882324977012E-002 -7.642974112505654E-024  5.418665177714910E-025
 -7.395636099617805E-024  1.208232008859756E-023  5.402799979282934E-024
  3.886815911813760E-024 -2.361738435984110E-025  3.279143425079642E-024
 -5.607717813928569E-024 -2.430535962223226E-024  9.862631465844821E-003
 -2.114081433473453E-017  3.319398052649364E-018 -1.280444301716966E-024
  5.845079305988674E-025  1.240559862985330E-024 -4.135226183782215E-024
 -9.312715997724234E-025  1.279337506030687E-024  1.809368173198214E-025
 -5.505804269775083E-025  7.823095019962093E-025  6.235210070205453E-025
  9.862631465844821E-003 -1.189311858862734E-017  8.757420011079154E-024
  3.276556731135003E-025  1.000077417437526E-023 -7.038537766791300E-024
 -7.351351284403406E-024 -4.123428129658727E-024  1.157209343549865E-025
 -4.703690568283140E-024  4.068255703961793E-024  3.338161055927986E-024
  9.862631465844809E-003 -1.258607908694288E-023  8.506270144476189E-025
 -1.208520969347164E-023  1.810806375494345E-023  7.971259471604858E-024
  4.619064834642071E-024 -2.775193303409799E-025  4.097486226744711E-024
 -6.309791008553937E-024 -2.765001862330749E-024  0.923018822013613     
 -4.252505731610756E-015  1.704512694084115E-016 -5.381239237163470E-017
  8.477131099642508E-015 -7.524350936182954E-003  7.816920720922627E-017
 -9.392492404141881E-018  6.082264487664559E-018 -1.407507627013493E-016
  0.817291712595463      -3.407579461818192E-015  6.690335299974060E-015
  2.609247582653148E-015  7.815372008200515E-017 -2.910830819320950E-002
  5.887536357841103E-017 -1.198197986259348E-016 -4.636943170280841E-017
  0.817291712595463       3.031958577337128E-015  5.681661650257153E-015
 -9.357680560922122E-018  5.888397637812911E-017 -2.910830819320952E-002
 -2.313141514552308E-017 -9.603584069364584E-017  0.923018822013611     
 -1.232553747960621E-014  6.204654961257822E-018 -1.199237672040676E-016
 -2.301453472421773E-017 -7.524350936182951E-003  1.751402712486580E-016
  0.817291712595459      -1.410077473521802E-016 -4.643017034694076E-017
 -9.599851209122786E-017  1.750780642598352E-016 -2.910830819320936E-002
  1.234671578516439E-003 -6.018798920713180E-018  4.223021016482158E-019
  6.570075909423916E-020  1.176528174246345E-017  1.156973301617392E-003
 -4.758629896368499E-018  9.441053690524533E-018  3.726537071482760E-018
  1.156973301617392E-003  3.842492592811795E-018  7.670069784781675E-018
  1.234671578516434E-003 -1.703861251195907E-017  1.156973301617386E-003
   1.00059348644555       2.535565311033233E-003  5.509791079826794E-025
  1.820803490275838E-024  6.561992155117807E-025 -5.183020720944992E-026
  2.796469453608480E-025  1.181923673307781E-025 -1.107965834722133E-018
 -2.519734625999712E-020 -1.688227837383132E-018  2.609526744523032E-018
  9.858990359969902E-019  9.753846096499512E-020  4.895858168451886E-021
  1.112583374540134E-019 -1.799353045175967E-019 -6.332526990547778E-020
  0.557216787397293      -4.439199217040824E-024 -1.114979444159705E-023
 -5.552010321102936E-024  4.282509605135475E-025 -2.305434868989240E-024
 -7.754682736066538E-025 -3.622550220817966E-017 -1.620021681912632E-019
 -6.275666944236048E-017  8.751157461745909E-017  3.762338754430486E-017
  8.639362586519635E-018  3.371487415064811E-019  1.195441217577205E-017
 -1.820672153694039E-017 -7.141770986841176E-018   1.00324311281047     
 -2.131997466054476E-015  2.993554494476429E-016  1.604875685957142E-002
 -1.721790954079169E-017  2.768225442680297E-018 -1.378885633257795E-023
 -1.074848042893246E-024 -1.079276308224152E-023  1.516969567594126E-023
  7.224084340733097E-024  4.359759198058488E-024  5.001977391451578E-026
  4.218898823404093E-024 -6.969001131332209E-024 -2.822173629285797E-024
   1.00324311281046      -1.155898761134354E-015 -1.723591442186291E-017
  1.604875685957142E-002 -9.611226383739269E-018  9.112566112664733E-024
  8.692591796418345E-025  1.013990072184773E-023 -5.808384790394557E-024
 -7.619210343486736E-024 -1.104609214237704E-024 -2.995746383976446E-026
 -1.149122981677721E-024  5.481392697591904E-025  1.171157414196101E-024
   1.00324311281046       2.752418446888069E-018 -9.606709914290412E-018
  1.604875685957141E-002 -1.541935952348195E-023  2.688628069258409E-026
 -1.543055042909144E-023  2.240277024599948E-023  1.058691300553218E-023
  2.995482172420537E-024  2.567336765336341E-026  2.843698534379519E-024
 -4.556357410232105E-024 -2.418288661583515E-024  9.861794823643612E-003
 -2.111819238855296E-017  3.341967420973989E-018 -7.753906622588455E-024
 -1.108836685395694E-024 -4.872029493990698E-024  8.091776396570059E-024
  2.380804895430094E-024  1.169486391777658E-024  1.788176772835598E-025
 -3.221512979914756E-025  2.289333404362640E-025  4.951414483046494E-025
  9.861794823643607E-003 -1.194278862871404E-017  9.496458453975284E-024
 -6.164443242160625E-025  1.135358061901607E-023 -9.009710045890496E-024
 -9.134177051725353E-024 -3.688108929075400E-024 -4.418411726066198E-027
 -4.286445273220626E-024  3.490394006122123E-024  3.116777180039363E-024
  9.861794823643596E-003 -1.296331349159630E-023  6.550901415125091E-025
 -1.139207413751476E-023  1.802393886454068E-023  8.755680768367130E-024
  4.501831378132656E-024 -2.364020780527890E-026  4.154011626308749E-024
 -6.116668013848547E-024 -2.732938475996969E-024  0.922972032468630     
 -4.251680770442860E-015  1.704553129314948E-016 -7.016747314043998E-017
  8.476728736381739E-015 -7.532288566566766E-003  7.813152760658681E-017
 -9.410998633503567E-018  6.108765276590545E-018 -1.408317875378429E-016
  0.817216412264753      -3.406267182277596E-015  6.689398898282705E-015
  2.609748046148675E-015  7.813660590335984E-017 -2.911442399366307E-002
  5.892306846134604E-017 -1.198033462751262E-016 -4.639552090698835E-017
  0.817216412264753       3.031448808558931E-015  5.682522026048341E-015
 -9.356764676990710E-018  5.893055827595317E-017 -2.911442399366309E-002
 -2.318559932921838E-017 -9.604994801689637E-017  0.922972032468626     
 -1.232408155928497E-014  5.933069746121286E-018 -1.199790302770176E-016
 -2.307097451860654E-017 -7.532288566566761E-003  1.752368720710339E-016
  0.817216412264748      -1.410184698532839E-016 -4.645739519101015E-017
 -9.601261732933892E-017  1.752057641131375E-016 -2.911442399366294E-002
  1.234498247324482E-003 -6.017001268718630E-018  4.200364795666567E-019
  8.140352654098043E-020  1.176745246723438E-017  1.157124094943749E-003
 -4.758933014393660E-018  9.441929623430649E-018  3.726548240212670E-018
  1.157124094943749E-003  3.841167424034991E-018  7.671781831910662E-018
  1.234498247324477E-003 -1.703868609530149E-017  1.157124094943743E-003
   1.00504344016248      -2.239238425488249E-002  1.636945368535444E-024
  1.095650135263423E-025  1.231027673100276E-024  8.777405327722588E-026
 -2.264011065417732E-025 -1.473332774327025E-025 -2.594427118766911E-018
 -5.517451886653762E-020 -2.325575871466742E-018  3.367643328932221E-018
  1.358674083485273E-018  1.704091223133586E-019  7.943720446569884E-021
  2.678898211706066E-019 -4.126916014061784E-019 -1.515129083567565E-019
  0.538270726935981      -1.343565471221108E-023 -1.092946968166241E-024
 -8.467244261643285E-024  8.514517030966418E-025  3.606218641850430E-024
  1.715521259789701E-024 -6.107095667447092E-017 -1.183218198086835E-018
 -1.191102498973534E-016  1.880095211605909E-016  7.133431957680981E-017
  1.570339875691093E-017  3.566881496372168E-019  1.410678788609691E-017
 -2.111795451860675E-017 -8.188528408262758E-018   1.00296783945496     
 -2.131491835168697E-015  2.993953349762794E-016  9.153022555887173E-003
 -9.947826160972474E-018  1.775912468358319E-018 -7.029013919551137E-024
  5.137812638056512E-025 -1.013921005737358E-023  1.378608070656788E-023
  8.123082083158530E-024  1.351674717535541E-023 -7.538492586115176E-025
  1.469892191647047E-023 -2.089062727262721E-023 -1.061256403268143E-023
   1.00296783945496      -1.155676334860230E-015 -9.941021389477429E-018
  9.153022555887170E-003 -5.807021611656005E-018 -6.585413754736819E-024
  4.961198577034450E-025 -1.129206253967620E-023  8.776587908014977E-024
  5.459463412872964E-024  2.537230575983048E-024 -8.807309817139563E-025
  3.032206479629090E-024 -4.644581738053831E-024 -3.347303667770229E-024
   1.00296783945496       1.776443771549479E-018 -5.807028446310338E-018
  9.153022555887166E-003  2.085015591370770E-024 -2.479681769651333E-025
  1.123675130316809E-024 -1.749799064956032E-024 -1.334432320149665E-025
  1.921161435803579E-024  2.453028437358737E-025  1.801625435848332E-024
 -3.765237803860798E-024 -1.784958557645658E-024  1.129390543275948E-002
 -2.423931815678853E-017  3.873590441312577E-018 -2.950038106804749E-024
 -1.132717579167675E-026 -5.056820575274624E-024  3.694254262944334E-024
  2.787936306536908E-024 -3.262487254158682E-025  1.488976828807065E-025
 -1.730991819533935E-024  2.613388464455129E-024  1.481045527958044E-024
  1.129390543275948E-002 -1.368814436566941E-017  2.239560897322328E-024
  6.077168235382710E-025  3.736913911108924E-024 -7.293942325565739E-025
  1.028578897255115E-024 -4.255036566968756E-024  2.763708392859747E-025
 -4.431208554897254E-024  4.410934250304285E-024  3.158422368923544E-024
  1.129390543275947E-002  2.736684780826817E-024  1.679190609347721E-024
  9.693570256769955E-025 -3.873004946180429E-025 -1.250429104212719E-024
  3.308711547507917E-024 -1.462261835328006E-025  3.111943192686785E-024
 -5.063249465335725E-024 -2.003413317311879E-024  0.250550355840857     
 -2.470359811135837E-015  1.560169972784640E-016 -6.188681254921506E-017
  4.598227627065352E-015 -4.347116694748161E-002  1.535222933765948E-016
 -1.060814065108904E-017  4.112533566122701E-018 -2.926018960870198E-016
  0.459271165723526      -1.900142119206498E-015  3.768984325123809E-015
  1.457639410633354E-015  1.535312290155499E-016 -5.804881990920961E-002
  1.195819981097252E-016 -2.377307435434950E-016 -9.245686270769670E-017
  0.459271165723526       1.186030513945022E-015  3.195670412741157E-015
 -1.050353063883656E-017  1.196078461234171E-016 -5.804881990920957E-002
 -8.246681194187966E-017 -1.983337126609016E-016  0.250550355840857     
 -6.130138471899555E-015  3.763311352370686E-018 -2.376993236833445E-016
 -8.242813426552365E-017 -4.347116694748145E-002  4.015343822178634E-016
  0.459271165723523      -2.927503924259998E-016 -9.244584971780946E-017
 -1.982874761438518E-016  4.015512311614969E-016 -5.804881990920930E-002
  2.005532872936960E-003 -1.062384352521905E-017  8.413548135627525E-019
 -2.524152735350706E-019  2.076330518261776E-017  2.046492344011626E-003
 -8.377076251221837E-018  1.671880120997662E-017  6.568165191738896E-018
  2.046492344011626E-003  6.328043443473774E-018  1.359662055120129E-017
  2.005532872936955E-003 -2.939694156333169E-017  2.046492344011616E-003
   1.00503701408949      -2.234629499418340E-002  1.370475095830202E-024
  4.757413806196084E-026  8.492351216723449E-025  5.399530015432395E-025
  1.000160974005809E-025  3.078493803406135E-025 -1.127137014994921E-018
 -5.207073182156657E-020 -2.321822964817176E-018  3.529303274720442E-018
  1.362748665764594E-018  1.613519065660445E-019  7.872564871623749E-021
  2.678686995765080E-019 -4.184349475567925E-019 -1.498030484998385E-019
  0.538257651207094      -1.012274387140761E-023 -1.033448159499494E-024
 -5.442583095513406E-024  4.734446683845701E-025 -3.039121259183640E-025
 -6.963637214823179E-026 -5.046044063472323E-017 -1.291605056173916E-018
 -1.190884228465584E-016  1.948734852578869E-016  7.089829912830848E-017
  1.397621517418248E-017  3.589453600304975E-019  1.409535921029049E-017
 -2.146116192603332E-017 -8.165871559207132E-018   1.00296786624136     
 -2.131500588833668E-015  2.993930755106503E-016  9.159683094287449E-003
 -9.941322725018222E-018  1.762944986297247E-018 -6.481951967040225E-024
  3.592978650303234E-025 -1.331138870864664E-023  1.768708717699168E-023
  9.446730292217804E-024 -6.795597554018666E-024  6.668019976021470E-025
 -5.964093994452394E-024  5.618870060574045E-024  3.422820725869554E-024
   1.00296786624136      -1.155687629928216E-015 -9.943552442314948E-018
  9.159683094287455E-003 -5.807118727665396E-018 -1.029937496976096E-023
  9.081173577820858E-025 -1.098239770021464E-023  1.292797627909944E-023
  8.951755340249768E-024  1.702586499664418E-024  1.190412552881521E-024
  2.822069727255509E-024  2.247525343434077E-024  2.607981151948637E-025
   1.00296786624136       1.787193628411871E-018 -5.804867008760293E-018
  9.159683094287451E-003  7.368367045237532E-024  8.559047512299608E-025
  6.177912228865356E-024 -9.783942253271926E-024 -3.399740851205963E-024
 -6.207201793031365E-024 -1.509642022660199E-025 -6.086619819020733E-024
  9.263896665029240E-024  3.983115852416496E-024  1.129406432067703E-002
 -2.424384147121077E-017  3.875005568565578E-018 -5.375847414022134E-024
  3.773394005175718E-025 -6.766067878658143E-024  9.160351368153922E-024
  4.840228375098899E-024 -1.583303963018058E-024 -1.409231339152668E-025
 -2.197537082103055E-024  2.778765481825935E-024  1.743965898595545E-024
  1.129406432067703E-002 -1.367685287539845E-017 -1.638192304337670E-024
  5.931012469785068E-025 -1.133220324387525E-024  3.444262856600105E-024
  2.798009790602935E-024 -9.753953394223578E-025  5.206274575085173E-026
 -1.118129123553522E-024  1.519545455694191E-024  8.428364991487019E-025
  1.129406432067703E-002  1.053089258502205E-024  6.810734268735679E-025
  2.401611953193014E-025 -1.957381216821210E-025 -1.342790646215229E-026
  1.303791288056638E-024 -5.360254626142458E-026  1.022558896343191E-024
 -1.437339145823731E-024 -4.313003296752538E-025  0.250573565866706     
 -2.470621963242999E-015  1.565455846580412E-016 -5.654101059514036E-017
  4.598855477836648E-015 -4.347032423954544E-002  1.535166157304011E-016
 -1.062675527876947E-017  4.274861596065939E-018 -2.926148201345642E-016
  0.459348441647172      -1.900367552618272E-015  3.770244731767214E-015
  1.457860182800974E-015  1.535375730394476E-016 -5.804789834899461E-002
  1.195864298018971E-016 -2.377635667371707E-016 -9.249409147112846E-017
  0.459348441647172       1.186017217961316E-015  3.195926812808021E-015
 -1.050475386969839E-017  1.195580952693207E-016 -5.804789834899461E-002
 -8.251801128715709E-017 -1.983495955373787E-016  0.250573565866706     
 -6.131042922200289E-015  3.979751331306344E-018 -2.377126652664834E-016
 -8.243817637336829E-017 -4.347032423954530E-002  4.015259181577203E-016
  0.459348441647169      -2.927492364091730E-016 -9.252940039663586E-017
 -1.982762436409414E-016  4.015235534606890E-016 -5.804789834899430E-002
  2.005288879866405E-003 -1.062236151094454E-017  8.401995514252929E-019
 -2.126954974349700E-019  2.076071246369053E-017  2.046198778985733E-003
 -8.375633763061254E-018  1.671594938379530E-017  6.569704598122132E-018
  2.046198778985732E-003  6.323717677830538E-018  1.359659284896792E-017
  2.005288879866395E-003 -2.939270291766686E-017  2.046198778985721E-003
