   1.00060401386016       2.551664292944324E-003  6.899512391762377E-024
 -3.894733674177855E-024  1.193126236634768E-024  8.368874974247543E-025
 -6.035366138337276E-024 -1.776350873227867E-024 -1.233916724365263E-018
 -3.223933138746410E-020 -1.736948791148040E-018  2.714438329690487E-018
  1.021470423391877E-018  1.118406442265016E-019  4.737599829222030E-021
  1.104161016222984E-019 -1.618818425707609E-019 -6.338184344391516E-020
  0.566857640018378      -6.516296195976799E-023  3.273712534227116E-023
 -2.215819996090897E-023 -1.104262398033514E-023  3.353899800723007E-023
  7.067922596569232E-024 -3.728807855283282E-017 -1.246204078771855E-018
 -6.295022673451783E-017  9.000506656386991E-017  3.602856536284194E-017
  9.777856141233807E-018  2.670557567707694E-019  1.249449774603438E-017
 -1.999058724412416E-017 -7.435796937493300E-018   1.00334068565191     
 -2.132214645456215E-015  2.993733937279876E-016  1.634987894140850E-002
 -1.755218324597343E-017  2.808899664583153E-018 -5.356805965143266E-024
 -2.994369693682755E-024 -1.534774696175115E-023  3.754883321333426E-023
  1.179898892304869E-023  6.474617614138297E-023 -4.300341674283779E-024
  8.039276563581296E-023 -1.288842471781300E-022 -5.387761428737414E-023
   1.00334068565191      -1.156030633270801E-015 -1.754764621787200E-017
  1.634987894140850E-002 -9.873747184853502E-018 -1.155576905672675E-023
 -8.467782890607709E-025 -2.085683861179611E-023 -5.672766340579631E-024
  9.800219882536001E-024  2.509055865458571E-023 -5.611088522556937E-024
  2.973644141730330E-023 -2.006028289973644E-023 -2.528190400169103E-023
   1.00334068565191       2.784063143255817E-018 -9.824056612470938E-018
  1.634987894140849E-002  4.919403598238202E-023 -3.267559254268476E-025
  5.065329068830204E-023 -7.041195853675213E-023 -3.542837949269747E-023
 -2.420942678169573E-023 -6.534659112628959E-025 -2.324075220563877E-023
  3.443434796985474E-023  1.586326181644861E-023  1.022203010619666E-002
 -2.191423026416367E-017  3.475628600837685E-018 -4.383148509319248E-023
 -1.113563374272522E-024 -3.786937242962371E-023  5.838522561979516E-023
  4.271461067804730E-023 -1.052097205623180E-023 -8.866479999535843E-025
 -1.033992983483909E-023  1.542789141434393E-023  7.314606456561380E-024
  1.022203010619665E-002 -1.225705725209966E-017  1.744145700700373E-023
  2.237921335845683E-024  2.168717769766484E-023 -6.718128344625008E-024
 -6.803776346384817E-024 -6.900357311475337E-026  5.604167313645237E-025
 -1.633626271648254E-024  2.598096965432232E-024 -1.672029899694389E-024
  1.022203010619665E-002 -8.768483747054479E-024 -5.229877690737683E-024
 -9.061025633049638E-024  1.817287167130761E-023  6.797421749576425E-024
 -3.098714973031065E-024 -1.831919043234451E-025 -2.592406447859092E-024
  2.610336983764164E-024  2.667929679587842E-024  0.921988989506728     
 -4.222817100283128E-015  1.703861841304002E-016 -6.514094580696845E-017
  8.427642709776801E-015 -8.199515938164413E-003  8.212824466917755E-017
 -9.639519096514440E-018  5.922717980842672E-018 -1.479811626674576E-016
  0.812261511142286      -3.385043505625680E-015  6.648275131659021E-015
  2.593556449883354E-015  8.211354110578175E-017 -3.058804427987652E-002
  6.201215950063410E-017 -1.258891846472188E-016 -4.875218137187150E-017
  0.812261511142286       3.015206973112398E-015  5.644455269915459E-015
 -9.585109726907896E-018  6.195756969770091E-017 -3.058804427987655E-002
 -2.491328952546697E-017 -1.013134717826731E-016  0.921988989506726     
 -1.225983200842601E-014  6.326109275190309E-018 -1.257542823774518E-016
 -2.484020580124994E-017 -8.199515938164401E-003  1.847365895561861E-016
  0.812261511142281      -1.481612127215611E-016 -4.880967817441417E-017
 -1.012677158529472E-016  1.848055008494515E-016 -3.058804427987638E-002
  1.310420590750350E-003 -6.349757026464982E-018  4.442758549718196E-019
  5.780012887908817E-020  1.243374299460530E-017  1.222648086836370E-003
 -5.033212332988043E-018  9.971444936604773E-018  3.937507641363026E-018
  1.222648086836371E-003  4.070709927644340E-018  8.108098406705018E-018
  1.310420590750345E-003 -1.801592870102331E-017  1.222648086836363E-003
   1.00062376295496       2.440517233100675E-003  9.721224050189848E-024
  1.218548382113180E-023  7.494536277310824E-024  5.023607900623092E-024
  2.239343752834498E-023  1.281895707329477E-023 -1.605970518510042E-018
 -3.112130749749349E-020 -1.729116499208518E-018  2.650953137346261E-018
  1.026925713902376E-018  1.072224007699146E-019  4.154705241195441E-021
  1.106640920647717E-019 -1.628946268849057E-019 -6.165054247659628E-020
  0.566712902131716      -3.392089388770702E-023 -1.097016748396762E-022
 -6.048535493301344E-023  3.578123042325148E-024 -6.029583977375311E-023
 -2.207289665736232E-023 -5.065518269010580E-017 -2.341719576177419E-019
 -6.376072627227221E-017  9.511028322423323E-017  3.587450748177137E-017
  5.695508226962568E-018  2.512470777626251E-019  1.242260886343292E-017
 -1.915956733486498E-017 -7.363849598874833E-018   1.00333829153084     
 -2.132207579551159E-015  2.993722425713668E-016  1.637918418381104E-002
 -1.762661457264343E-017  2.789833081238457E-018  5.928716169142169E-024
  3.797338539779487E-025  9.442586865881378E-024 -2.049742191329069E-023
 -6.363207444618488E-024 -1.983850525633120E-023 -1.245177580083407E-024
 -1.398352177981153E-023  1.700283617208075E-023  1.627231417499823E-023
   1.00333829153084      -1.156030573810798E-015 -1.761757897154065E-017
  1.637918418381104E-002 -9.896751773094271E-018  5.717359626796262E-024
  1.310926321372919E-024  5.854531879003434E-024 -2.135632427655082E-025
 -5.554815617741325E-024 -4.278656849572566E-024  1.788474440744662E-024
 -1.164004284986777E-023  1.219021818826119E-023  1.211579565230777E-023
   1.00333829153084       2.786443756188728E-018 -9.824472475237789E-018
  1.637918418381104E-002 -1.092815733132669E-023  2.645933773596365E-024
 -8.610023632794957E-024  9.002884868001629E-024  6.595960188938053E-024
  1.115662135699460E-023  3.245228713362926E-024  1.136046464869406E-023
 -1.491061060744208E-023 -5.879080351265444E-024  1.022136404008919E-002
 -2.190954819632481E-017  3.494814978540910E-018  5.250462716191827E-023
  5.537231275560203E-024  5.705087899858597E-023 -1.063120612025299E-022
 -4.611690648105807E-023  9.176279591083899E-025  1.078717065726300E-025
 -1.812303286073242E-024  2.953730966912793E-024  8.744631708748593E-025
  1.022136404008918E-002 -1.228866211335515E-017  8.828056782467558E-025
 -1.960430537798748E-025  1.393821701556592E-024  5.586330107413866E-024
  1.429672619648907E-023 -3.389925966280619E-024 -3.119053722661525E-025
 -1.990771459122036E-024  5.235266392317549E-024  2.422984372511383E-024
  1.022136404008918E-002 -9.162626483848585E-024  1.402260277523322E-024
 -1.040418368985729E-023  1.684895878709970E-023  2.619697167846276E-024
  1.299563746615141E-024 -4.827152844658388E-026  9.893724379227501E-026
  1.877779269811906E-024  7.349789110847288E-025  0.921973474984782     
 -4.222363223067171E-015  1.704739661900804E-016 -4.945951150138326E-017
  8.426985484158476E-015 -8.181197393874450E-003  8.204497777891337E-017
 -9.673544090720504E-018  6.370471799374457E-018 -1.478105209833458E-016
  0.812217933977581      -3.385471171226741E-015  6.647476767772767E-015
  2.594312344957927E-015  8.205182308596221E-017 -3.056177258699617E-002
  6.195455076339749E-017 -1.257583046794339E-016 -4.872573466204052E-017
  0.812217933977581       3.015339979046581E-015  5.645895622757411E-015
 -9.575050757408327E-018  6.193153675004924E-017 -3.056177258699621E-002
 -2.483501297225861E-017 -1.012304783808378E-016  0.921973474984778     
 -1.225898161125542E-014  6.095876355018166E-018 -1.257532848658291E-016
 -2.481004240017181E-017 -8.181197393874441E-003  1.845602830912358E-016
  0.812217933977576      -1.480060340493293E-016 -4.876843977029695E-017
 -1.012118890359761E-016  1.846280196715745E-016 -3.056177258699603E-002
  1.309952103967368E-003 -6.347661323910832E-018  4.449583998868395E-019
  5.297056945956414E-020  1.242965166824460E-017  1.222126927772734E-003
 -5.032031682181987E-018  9.967125117128052E-018  3.937483012707908E-018
  1.222126927772735E-003  4.069662155218222E-018  8.107178669631884E-018
  1.309952103967363E-003 -1.800708172686952E-017  1.222126927772728E-003
   1.00500646420437      -2.207724599767924E-002 -4.109183535364664E-024
 -9.311998384685479E-024 -6.637957624573455E-024  1.082686618648137E-024
  7.145942211915687E-024  2.847862458706377E-024 -2.098621356741680E-018
 -4.755252535571078E-020 -2.373255846169466E-018  3.608359081181730E-018
  1.402191274643550E-018  1.736097589527396E-019  8.039926360145095E-021
  2.633575350630748E-019 -4.061399274468972E-019 -1.533565980462917E-019
  0.546857602066813       2.857274445573835E-023  4.084807731063043E-023
  2.372571629274450E-023  1.574865668601332E-024 -1.756550235809114E-023
 -3.420912307506638E-024 -6.472929822886559E-017 -1.255805767255119E-018
 -1.198630745717585E-016  1.915764010533958E-016  7.226774882548669E-017
  1.131672714398127E-017  3.566201279829527E-019  1.445776983447061E-017
 -2.232378343758514E-017 -8.386412284855820E-018   1.00307089282448     
 -2.131698207420505E-015  2.994300491136964E-016  9.541467578888406E-003
 -1.035019664965844E-017  1.859638990052593E-018  2.963442792568190E-024
 -2.499268162815140E-024  4.504212971377188E-024 -3.562423181342970E-024
 -4.649519075226694E-024  1.032944724419170E-022  1.097264040268479E-023
  1.353372240567312E-022 -2.326341425525567E-022 -1.001048081817959E-022
   1.00307089282448      -1.155833196313143E-015 -1.035213919235627E-017
  9.541467578888402E-003 -6.009851072231164E-018  4.244205848136398E-024
 -1.279389752141061E-024  8.277924798747534E-024 -7.286730627466317E-024
 -9.612358250410358E-024  3.069667520329073E-023 -9.337153492746038E-025
  1.854257279937931E-023 -4.220214077549378E-023  1.303699561914039E-023
   1.00307089282448       1.857052933359996E-018 -6.007599672688578E-018
  9.541467578888406E-003 -7.959673210393436E-024 -5.194431859301008E-025
 -7.265185784313299E-024  1.103720484099717E-023  6.240133179258163E-024
  1.413714016312863E-023  3.777263901057815E-024  1.587844395902195E-023
 -1.713158560120583E-023 -3.040979134669463E-023  1.163273873325553E-002
 -2.501176056693377E-017  4.006221325504182E-018  5.174164717237442E-024
 -1.595088984466192E-025  1.502618291291812E-024 -3.971432022144566E-024
 -1.444809657853587E-024  5.744593141716684E-024 -1.896862012213428E-026
  9.000684862380101E-024 -1.622977546176593E-023 -7.195168092495026E-024
  1.163273873325553E-002 -1.411012141744034E-017 -4.884861305785710E-024
 -5.147483529456190E-025 -1.122477336155438E-024  6.031717552497263E-024
 -3.914958353069149E-025  5.074956077690135E-024 -2.354490519139477E-025
  2.675921039362676E-024 -6.089819103660110E-024 -7.312401825424855E-025
  1.163273873325551E-002 -3.454018178277153E-024 -2.876732942123834E-025
 -2.819256689761356E-024  3.861996818137220E-024  4.258813308171796E-024
  3.136043771081966E-024  1.411894858743591E-026  3.088401211614920E-024
 -4.268214664131262E-024 -3.518228326965423E-024  0.253317379550721     
 -2.494192884908922E-015  1.560446353537473E-016 -6.517462554066830E-017
  4.643673076361270E-015 -4.453736493779495E-002  1.567020391121280E-016
 -1.082231320951855E-017  3.774480452310116E-018 -2.988252584659708E-016
  0.463674704308897      -1.918430728544468E-015  3.805772089847543E-015
  1.471437861137828E-015  1.566927829151560E-016 -5.927070645528007E-002
  1.220966001318314E-016 -2.426964362589035E-016 -9.445054604253827E-017
  0.463674704308897       1.198730883639661E-015  3.225916320217708E-015
 -1.073650318460018E-017  1.220771039720840E-016 -5.927070645528004E-002
 -8.439866453364045E-017 -2.025856549539121E-016  0.253317379550720     
 -6.189603222184047E-015  3.973449144241602E-018 -2.426537320644543E-016
 -8.434298083196889E-017 -4.453736493779487E-002  4.102200769453740E-016
  0.463674704308894      -2.989109003856894E-016 -9.446296650486641E-017
 -2.025687543279345E-016  4.102607272990787E-016 -5.927070645527972E-002
  2.086423932089094E-003 -1.099665451805483E-017  8.749435950467438E-019
 -3.214706793784593E-019  2.151324588675296E-017  2.120839524538007E-003
 -8.683266135977267E-018  1.733651554675333E-017  6.804377865179488E-018
  2.120839524538008E-003  6.570243196517037E-018  1.408737492511705E-017
  2.086423932089087E-003 -3.048330385682054E-017  2.120839524537996E-003
   1.00500559279759      -2.206651923335956E-002 -2.316132320719680E-024
 -7.512455495025237E-024 -4.038000675284483E-024  2.704142280715091E-024
  1.596489160538036E-024  2.341382943823926E-024 -1.924401843259391E-018
 -4.839932341208391E-020 -2.372117810278090E-018  3.830826793110418E-018
  1.399600474095697E-018  1.315994332417337E-019  7.505106267914775E-021
  2.577081753231670E-019 -4.201035653556631E-019 -1.484820406539906E-019
  0.546816684335871       2.132133420618007E-023  4.479999498148982E-023
  2.716956694831245E-023  5.332236415725614E-024 -1.177069953250474E-023
 -2.163634350133882E-024 -7.885523679325470E-017 -1.273824271885046E-018
 -1.200892586743179E-016  1.951863111933121E-016  7.226208329004163E-017
  1.452997020301913E-017  3.408030716586255E-019  1.446856180080323E-017
 -2.240463775832069E-017 -8.413251767278314E-018   1.00306914245473     
 -2.131706609515027E-015  2.994271763637174E-016  9.557243688919616E-003
 -1.035326566387652E-017  1.858342205239609E-018 -1.123846324281750E-023
  8.517497989683257E-025 -1.658389105654336E-023  1.978608035762517E-023
  1.296705727845038E-023  9.927633263840323E-023  4.599398147289950E-024
  7.616785788430815E-023 -1.285389740158522E-022 -5.736778237079568E-023
   1.00306914245473      -1.155817330993237E-015 -1.035097450074417E-017
  9.557243688919614E-003 -6.034916771338433E-018 -1.468223044778352E-023
  2.390206840435138E-024 -1.133116115419204E-023  2.534987934582508E-023
  4.540009853682342E-024  5.129354857251730E-024 -3.889661964943331E-024
 -4.534576171897638E-025 -2.216050125275624E-023  1.035701771115350E-023
   1.00306914245473       1.859697463779405E-018 -6.037180723206438E-018
  9.557243688919607E-003 -1.696265417757019E-023  1.455416919280623E-024
 -1.787802899261305E-023  2.229300461327627E-023  1.522044909832753E-023
  3.883500887234255E-023  9.882399667996910E-025  3.080534076424666E-023
 -4.645557877569740E-023 -3.144238196571931E-023  1.163341692258466E-002
 -2.500048624335940E-017  4.017243810918812E-018  3.693490688475093E-024
  1.535270927915314E-024  1.237800126908943E-023 -1.699960620383722E-023
 -1.022516969811941E-023  7.974708715479452E-025  1.127552746736764E-024
  2.775347215244473E-024 -3.289676324540978E-024 -2.189068734319286E-024
  1.163341692258466E-002 -1.410109388804058E-017  1.540374904420235E-023
  2.084663083704038E-024  1.001498197670115E-023 -2.093710241521752E-023
 -3.512340662783747E-024 -4.127528114932975E-024  1.462979978852741E-026
 -4.442450991849658E-024  4.094011291284251E-024  3.931729733188519E-024
  1.163341692258465E-002  5.125474556599527E-024 -8.297117902913817E-025
  7.230101907466771E-024 -1.130216390358548E-023 -9.825658392702269E-024
 -9.755855927775512E-025  8.068456234985180E-026 -6.836333317095812E-026
  4.909654504693113E-025  2.796321876536750E-025  0.253420179300763     
 -2.495939582765124E-015  1.567527189195682E-016 -6.351456908907708E-017
  4.646250531700087E-015 -4.452994997387095E-002  1.566581072240187E-016
 -1.084964708025618E-017  3.944181645071830E-018 -2.987660192181880E-016
  0.463922353852847      -1.919687732012135E-015  3.808011454599300E-015
  1.472462791471754E-015  1.566257256191304E-016 -5.925007760563125E-002
  1.220775332575299E-016 -2.425725241659609E-016 -9.437665614771258E-017
  0.463922353852847       1.200258249073876E-015  3.227774039532825E-015
 -1.073644804032091E-017  1.220715138173455E-016 -5.925007760563122E-002
 -8.435797722978149E-017 -2.025077510252088E-016  0.253420179300762     
 -6.192878477061128E-015  4.034322482327378E-018 -2.425724542385652E-016
 -8.430867062987885E-017 -4.452994997387088E-002  4.101065956782261E-016
  0.463922353852844      -2.988344235351381E-016 -9.440199419771890E-017
 -2.024795943281907E-016  4.101080427495085E-016 -5.925007760563093E-002
  2.085004080550057E-003 -1.098380135077981E-017  8.720199025143298E-019
 -2.955324205919532E-019  2.149894511493816E-017  2.118724394127823E-003
 -8.666403597380174E-018  1.731724265051772E-017  6.797713090347398E-018
  2.118724394127823E-003  6.559508503381339E-018  1.407465770646949E-017
  2.085004080550053E-003 -3.045587186366971E-017  2.118724394127812E-003
