   2.00384374707980      -7.271361914406330E-003  5.286381281548278E-024
 -8.501865352533941E-024  9.625678466844455E-025 -3.793691330966475E-024
 -7.430835403678923E-024 -4.984060344020292E-024 -3.540209216577649E-018
 -7.520999602616780E-020 -4.289951279110420E-018  6.755465604633611E-018
  2.541959544490569E-018  1.481347334137561E-019  1.133640226241320E-020
  2.981726093174075E-019 -4.912583264042536E-019 -1.774165104433326E-019
   1.14995157873388       1.167200107052707E-023  1.790943747885156E-022
  1.111283187203866E-022 -2.229132936767417E-023  2.086527163463753E-022
  6.196485915619854E-023 -2.245125792858045E-016  2.662014775787297E-018
 -2.416659716731520E-016  3.753806833629654E-016  1.558884215191055E-016
  1.857428883198536E-017  5.939482937382172E-019  2.636163465934478E-017
 -4.274877151833364E-017 -1.515814562787647E-017   2.00669065706136     
 -4.264509936889069E-015  5.988669959941835E-016  3.080682426844342E-002
 -3.316908712524602E-017  5.464091087303692E-018 -3.649753386505808E-022
  1.018630821268148E-022 -5.748309421467189E-022  7.438314631588163E-022
 -5.142072687161573E-021 -8.297175532674798E-023 -2.164752339739144E-024
 -1.484212293766862E-022  1.737840243994191E-022  1.422381560325888E-022
   2.00669065706136      -2.312123320333684E-015 -3.317783731137746E-017
  3.080682426844341E-002 -1.862271196230800E-017 -1.055064866698050E-021
  7.075004668317366E-023 -2.754970651260526E-021  1.587791314605867E-021
  4.711515351159379E-022 -2.892220841045896E-023  7.925809664070170E-024
 -5.515996422447232E-023  7.066367272242243E-023 -1.269590309852089E-023
   2.00669065706136       5.378215014747216E-018 -1.866787778927789E-017
  3.080682426844341E-002 -5.464882516203506E-022 -1.084407358477219E-020
 -5.327980911602694E-022  5.679217057212613E-022  5.391178587675212E-022
 -9.174368473314445E-023 -4.657535414720120E-024 -1.030194285981236E-022
  1.491721604759583E-022  8.600105246204479E-023  2.322141355263918E-002
 -4.983182365292699E-017  7.920511142430594E-018 -3.350555550649129E-022
 -4.287846624686609E-023 -5.279485836325276E-022  1.039766311713867E-021
 -5.754631087262652E-021 -1.943269221596005E-022 -2.395943536692817E-024
 -2.157233121878701E-022  2.820785623485850E-022  2.378507333394929E-022
  2.322141355263916E-002 -2.812161702150815E-017 -1.775618029702558E-021
  2.061761731786422E-022 -9.111172587109102E-021  2.474325645550356E-021
  7.358091131576480E-022  4.319191848203816E-023  2.051488863431633E-023
  2.595571214587458E-023  1.511436746018489E-023 -7.419675860713551E-023
  2.322141355263914E-002 -7.341957325518871E-022  4.448228606364090E-021
 -6.838284460274674E-022  7.231632893340894E-022  7.635906993551443E-022
 -2.127860849606194E-022 -8.799624375602452E-023 -1.959310913421968E-022
  2.777152081992948E-022  1.498181375819941E-022   1.21423500910494     
 -6.447173950593662E-015  5.330282847808064E-016 -6.792746982213996E-016
  1.277916772749311E-014 -7.278419607282019E-002  2.677667483691280E-016
 -1.774759854480764E-017  3.338529614173032E-018 -5.076330472949287E-016
   1.25392836071467      -5.139261692567747E-015  1.033799846573236E-014
  3.998528504603301E-015  2.678214063975646E-016 -0.100789642598076     
  2.079556555441712E-016 -4.123298016186630E-016 -1.604415600384265E-016
   1.25392836071467       3.807687247197519E-015  8.550672331042601E-015
 -1.772209036627485E-017  2.078646916393542E-016 -0.100789642598076     
 -1.423995864953587E-016 -3.442663842318250E-016   1.21423500910493     
 -1.776992243111180E-014  2.718023429774960E-018 -4.123165310059894E-016
 -1.423536551397790E-016 -7.278419607281995E-002  6.964263044376110E-016
   1.25392836071466      -5.075709439888658E-016 -1.604268970313890E-016
 -3.443034067700997E-016  6.964236334338189E-016 -0.100789642598075     
  3.282025614448848E-003 -1.686233208356553E-017  1.443239956692068E-018
 -3.184119147536705E-019  3.299318149611862E-017  3.262228202904347E-003
 -1.333374603169922E-017  2.667185330664583E-017  1.047411834652801E-017
  3.262228202904349E-003  1.001107563783885E-017  2.146943003616643E-017
  3.282025614448840E-003 -4.689992549179459E-017  3.262228202904330E-003
   2.00387116640097      -7.387751823669344E-003 -1.676313955235468E-024
  4.831523954226324E-025 -7.106177234117335E-025  2.802516878918191E-024
 -9.781964563756613E-024 -1.046968803058009E-024 -2.289475742875554E-018
 -7.521368983046795E-020 -4.301553780808256E-018  7.164582815927315E-018
  2.548823318710966E-018  1.548461767144564E-019  1.187677366482421E-020
  3.042002993059639E-019 -4.804201242646895E-019 -1.762950850025339E-019
   1.15003298637812       1.977286317890240E-023 -4.865944145518302E-023
 -5.022095335027329E-025  9.710377378082245E-023 -1.203832404210470E-022
  7.276796654795083E-024 -1.608353324711277E-016  2.084100606640107E-018
 -2.411063214507935E-016  3.633022462807966E-016  1.557184157773641E-016
  2.794801927714754E-017  6.436362079303543E-019  2.647848023899279E-017
 -4.206173283616774E-017 -1.526632453091403E-017   2.00669872698002     
 -4.264524887352634E-015  5.988647925295381E-016  3.079585682578732E-002
 -3.316080982436953E-017  5.418898442077759E-018  1.119071341641922E-021
  2.206455997751477E-025  5.503289878450603E-022 -8.075897741289510E-022
 -4.982210073440576E-021 -2.391432693359878E-023 -6.503734820199823E-024
 -4.477127697289625E-023  9.652423219403246E-023  1.450017350259533E-023
   2.00669872698002      -2.312123611132764E-015 -3.319693844531808E-017
  3.079585682578731E-002 -1.865875744056732E-017  6.850132531614439E-022
 -2.280960729484135E-022  9.675219185223575E-021 -1.164178882645179E-021
 -4.981619950350728E-022 -5.192898491575072E-023 -4.197319238256038E-024
  1.433228304378291E-023  6.470271756274445E-023 -1.878964321880827E-023
   2.00669872698002       5.414336112940166E-018 -1.862260974241628E-017
  3.079585682578726E-002  1.865768585898158E-022 -2.264129721101932E-021
  1.798811777767273E-022  4.876638329221435E-023 -2.046698599734824E-022
 -5.026350860688493E-023  3.540664182857072E-025 -4.932438633897031E-023
  6.898087602214465E-023  5.874657693234775E-023  2.322854522883121E-002
 -4.984189630555345E-017  7.909324402797697E-018  4.025784153484805E-022
  3.401840521536605E-024 -2.392028907467877E-022 -2.109463422415559E-022
 -1.928335647312511E-021 -2.907486324206192E-023 -1.562491259808505E-023
 -1.001111598603880E-022  2.016213724053700E-022  1.087984977422666E-022
  2.322854522883119E-002 -2.803158647720182E-017  6.713606170671370E-022
 -1.843190426851547E-022 -9.547547160921117E-022 -1.160632221601930E-021
 -4.364334734492318E-022 -1.020712765499882E-022 -1.584653609216492E-023
 -1.046735798450797E-023  1.199801394518827E-022 -5.374617394836380E-024
  2.322854522883118E-002  4.634703349982437E-022 -1.690140625727263E-021
  2.332273989528154E-022  1.286597743295393E-022 -1.937472596101728E-022
 -1.062128882330167E-023 -4.057385289907686E-023 -2.262331535015210E-023
  2.916789001291035E-023  5.540581203109923E-023   1.21281967454303     
 -6.454247112791725E-015  5.333154419313273E-016 -6.776899568673017E-016
  1.277996153746035E-014 -7.284279791776342E-002  2.676771429641771E-016
 -1.762076228282872E-017  2.782581547598530E-018 -5.076480757781240E-016
   1.25496808526047      -5.146846971032207E-015  1.034189925900348E-014
  4.001773873178056E-015  2.677050253988963E-016 -0.100758377536945     
  2.079553563513964E-016 -4.122024041288146E-016 -1.604331819454580E-016
   1.25496808526047       3.808508988998484E-015  8.559168181482233E-015
 -1.762933198038207E-017  2.078371597456955E-016 -0.100758377536945     
 -1.424320464069809E-016 -3.441551830458639E-016   1.21281967454303     
 -1.777756172976734E-014  2.268044230996709E-018 -4.121823595192320E-016
 -1.423218894156079E-016 -7.284279791776316E-002  6.964176152747731E-016
   1.25496808526046      -5.076435001621660E-016 -1.604748183682486E-016
 -3.441738875646649E-016  6.964056183478655E-016 -0.100758377536944     
  3.281328336571025E-003 -1.685065245403928E-017  1.442098275811093E-018
 -4.308728594959743E-019  3.297328322933255E-017  3.260050818304609E-003
 -1.333625382076254E-017  2.665274562799470E-017  1.047239374047966E-017
  3.260050818304611E-003  1.001137555868326E-017  2.143654413130146E-017
  3.281328336571015E-003 -4.687080859633010E-017  3.260050818304592E-003
