 229   3     21.7188

 0.0, 0.0, 0.0, strain, strain, strain   

    -0.01800000 -8895.56955100     0.06962305     0.06824559
    -0.01500000 -8895.57256900     0.04736197     0.04750058
    -0.01200000 -8895.57495000     0.02979946     0.03044047
    -0.00900000 -8895.57680800     0.01609466     0.01706525
    -0.00600000 -8895.57811200     0.00647622     0.00737493
    -0.00300000 -8895.57892300     0.00049420     0.00136952
     0.00000000 -8895.57899000     0.00000000    -0.00095100
     0.00300000 -8895.57892100     0.00050895     0.00041338
     0.00600000 -8895.57810200     0.00654998     0.00546266
     0.00900000 -8895.57698700     0.01477434     0.01419683
     0.01200000 -8895.57530500     0.02718095     0.02661591
     0.01500000 -8895.57319000     0.04278141     0.04271989
     0.01800000 -8895.57067700     0.06131756     0.06250876

 strain, strain, 0.0, 0.0, 0.0, 0.0000   

    -0.01800000 -8895.55575100     0.17141330     0.16837645
    -0.01500000 -8895.56305500     0.11753823     0.11749106
    -0.01200000 -8895.56897000     0.07390857     0.07564514
    -0.00900000 -8895.57349500     0.04053170     0.04283870
    -0.00600000 -8895.57671800     0.01675851     0.01907174
    -0.00300000 -8895.57854200     0.00330450     0.00434426
     0.00000000 -8895.57899000     0.00000000    -0.00134374
     0.00300000 -8895.57861000     0.00280292     0.00200774
     0.00600000 -8895.57680300     0.01613154     0.01439869
     0.00900000 -8895.57393100     0.03731571     0.03582913
     0.01200000 -8895.56975600     0.06811095     0.06629905
     0.01500000 -8895.56465900     0.10570696     0.10580844
     0.01800000 -8895.55843700     0.15160108     0.15435731

 strain, strain, strain, 0.0, 0.0, 0.0   

    -0.01800000 -8895.53160100     0.34954624     0.34256738
    -0.01500000 -8895.54642100     0.24023236     0.23976856
    -0.01200000 -8895.55849800     0.15115114     0.15514638
    -0.00900000 -8895.56773400     0.08302544     0.08870081
    -0.00600000 -8895.57420300     0.03530941     0.04043190
    -0.00300000 -8895.57788600     0.00814322     0.01033962
     0.00000000 -8895.57899000     0.00000000    -0.00157601
     0.00300000 -8895.57804700     0.00695567     0.00468499
     0.00600000 -8895.57447800     0.03328099     0.02912263
     0.00900000 -8895.56872200     0.07573785     0.07173691
     0.01200000 -8895.56044800     0.13676774     0.13252784
     0.01500000 -8895.55023400     0.21210727     0.21149539
     0.01800000 -8895.53813800     0.30132864     0.30863957
