   2.00388638798349      -7.619399858600418E-003 -3.356516627059330E-025
  1.432318895884448E-025 -1.200409024915178E-025 -1.068587161726819E-024
  2.161806496283185E-024  5.606835284329301E-025 -4.369454765653482E-018
 -6.447681615500126E-020 -4.389080791219635E-018  6.911130309805634E-018
  2.593339903946178E-018  6.867872554308552E-020  4.489048202326250E-021
  2.969477098922305E-019 -4.659277313147749E-019 -1.715378160784447E-019
   1.16972933698217      -4.042473733709416E-024  1.232242068418995E-024
 -1.490587162119274E-024  6.262295324481457E-024 -2.163779792547375E-024
  3.058302914736390E-024 -1.772913573141521E-016  2.372178802581602E-018
 -2.445223162279640E-016  3.934714246261479E-016  1.568976544505997E-016
  1.749034445303985E-017  6.276587608609774E-019  2.714979050949048E-017
 -4.302571717877486E-017 -1.570857516698148E-017   2.00685536483650     
 -4.264914212720534E-015  5.988722493263084E-016  3.135167439036297E-002
 -3.368348333740249E-017  5.498731093839003E-018 -1.432943816819684E-021
  2.866911065378436E-023 -2.506335937150184E-021  3.620427864166885E-021
  1.337014288251567E-021 -2.237652766381858E-023  1.256059996617449E-024
 -4.172192674933114E-023  5.626877651419060E-023  2.082718961693581E-023
   2.00685536483650      -2.312340441972101E-015 -3.370270743981740E-017
  3.135167439036297E-002 -1.910106419237597E-017 -1.111904712655886E-021
  1.361124664776543E-022 -1.159993600870978E-022  1.511556786343170E-021
  6.357414118945743E-022 -1.892203475068432E-023  2.568226515991489E-024
  5.528233360129693E-025  2.634878666343842E-023  1.287419041298879E-023
   2.00685536483650       5.454670125098726E-018 -1.911008407206164E-017
  3.135167439036295E-002 -9.360771250362032E-023 -2.967786925458766E-022
 -2.008079060283740E-022  2.883232708890841E-022  3.328013071849799E-022
  1.771651913926470E-024 -5.687838049534400E-024 -4.053225321803073E-024
  6.397055966875779E-024  5.779151039802945E-024  2.396155898227825E-002
 -5.149362823711657E-017  8.235907364717161E-018 -1.925487919957271E-021
  3.161766102144157E-023 -3.471347343525218E-021  4.858645701249690E-021
  6.938763011962295E-022 -4.074448791351967E-023  8.904699576802535E-025
 -7.126082170639739E-023  1.000734001582614E-022  3.284754208393692E-023
  2.396155898227825E-002 -2.889445890811546E-017 -1.522538157916293E-021
  1.516578311446518E-022 -3.269132648392105E-022  1.994088766415447E-021
  8.708466218394062E-022 -2.949278721259455E-023  2.975558809315985E-024
  5.579364434055827E-024  4.057925524175701E-023  1.562066277942911E-023
  2.396155898227821E-002 -1.517911791362939E-022 -1.284542011536781E-021
 -2.161210092441308E-022  2.714711762164314E-022  4.145600671791524E-022
 -4.855374908064374E-024  9.152359002626429E-024 -9.597021653795709E-024
  1.035188447249124E-023  1.271848895390280E-023   1.21549422839457     
 -6.453046713288391E-015  5.316696474338271E-016 -7.139664702618620E-016
  1.279504484819685E-014 -7.495083931146468E-002  2.749121395002814E-016
 -1.821175678761258E-017  2.998666191193382E-018 -5.214450430064558E-016
   1.25516411634009      -5.145149916997030E-015  1.034251107197906E-014
  4.002375368871218E-015  2.749681979620718E-016 -0.103489666977231     
  2.134481223927062E-016 -4.234925647342896E-016 -1.648147079183675E-016
   1.25516411634009       3.811934793721919E-015  8.562158964657927E-015
 -1.815309411655595E-017  2.135562470731219E-016 -0.103489666977231     
 -1.464752059833190E-016 -3.534294197132943E-016   1.21549422839457     
 -1.779240537137589E-014  2.927377238024689E-018 -4.234680010021341E-016
 -1.464904422758590E-016 -7.495083931146442E-002  7.154359903365712E-016
   1.25516411634008      -5.214397413356590E-016 -1.648494333327724E-016
 -3.534660458006770E-016  7.153997565369670E-016 -0.103489666977230     
  3.463612071175365E-003 -1.776000044389751E-017  1.511809560243712E-018
 -4.379163055327146E-019  3.478996586740131E-017  3.436255576789121E-003
 -1.406103331097285E-017  2.810375679892640E-017  1.103500109020894E-017
  3.436255576789124E-003  1.055733294094744E-017  2.262334412477844E-017
  3.463612071175350E-003 -4.943051971476438E-017  3.436255576789107E-003
   2.00388539346676      -7.584530673439363E-003  2.199168617803865E-025
  4.733585049240859E-026  6.808286956889043E-026  1.234814849073089E-025
 -6.293290885224118E-025 -1.228878559975947E-025 -4.556505511934665E-018
 -6.504157470104560E-020 -4.379783054102236E-018  7.324484831515912E-018
  2.601530492968121E-018  2.166233143607720E-019  3.961140066789950E-021
  2.913362832549050E-019 -4.662417512455467E-019 -1.726691696397770E-019
   1.16987245894792      -9.141240521855272E-024  2.038353009551001E-024
 -4.962081958139909E-024 -2.850478322056721E-024 -4.953684709501561E-025
 -2.256005436458913E-024 -1.942509169460962E-016  2.516912851341660E-018
 -2.436259525621496E-016  3.828323550286546E-016  1.567422737030523E-016
  2.201692937263699E-017  6.299102601852814E-019  2.717660909522294E-017
 -4.363953774945566E-017 -1.570819409186356E-017   2.00685971015428     
 -4.264914670667482E-015  5.988711629332386E-016  3.138012012509766E-002
 -3.368710409549449E-017  5.498840185239977E-018  1.578578483745052E-021
 -3.662882713077314E-023  2.661119244212580E-021 -3.543698264060213E-021
 -1.021284724063526E-021  3.873856052712750E-023  1.804296383754437E-025
  6.135656361395641E-023 -8.284118704019804E-023 -4.243378339854249E-023
   2.00685971015428      -2.312381189411926E-015 -3.368712758016630E-017
  3.138012012509767E-002 -1.910144063279641E-017  1.406280499973611E-021
 -1.003685157133222E-022  1.377466817573792E-021 -1.772655116994369E-021
 -8.242339971056216E-022  2.472140078503058E-023 -2.724959898984113E-024
  1.855360041431959E-023 -3.422933581084385E-023 -1.434430434836883E-023
   2.00685971015428       5.496559291157163E-018 -1.915563543847737E-017
  3.138012012509765E-002 -3.108149631488280E-022 -1.569479732164070E-021
 -3.564629522498943E-023  1.427333907484878E-022 -2.087355743212468E-022
 -4.337856394045443E-024 -1.285618206949531E-023  1.395995213901707E-024
 -6.028151769846149E-024 -5.983391217201881E-024  2.396551488863670E-002
 -5.144855471298923E-017  8.231470584663827E-018  2.316409164790835E-021
 -7.623193614598469E-024  3.806145200802076E-021 -5.444196990685320E-021
  5.514927616927972E-022  5.394049056711488E-023  1.740446947830646E-025
  8.692122676414777E-023 -1.196335714987031E-022 -7.660277333392614E-023
  2.396551488863671E-002 -2.899389960790486E-017  1.626469606342045E-021
 -1.872471684102157E-022 -6.358871918332469E-022 -2.532421851934506E-021
 -1.172335856724145E-021  3.131738041505118E-023 -3.820442053430321E-024
 -1.904419702564723E-023 -4.657789185023530E-023 -2.164565265042098E-023
  2.396551488863670E-002 -1.797302292056287E-022  5.954821405321453E-022
 -1.044868541142328E-022  1.361402222879749E-022 -2.778077791332209E-022
 -1.158555285247668E-023  8.614582695360037E-024 -3.923747427333599E-025
  1.729706329494607E-024 -6.315792314601671E-024   1.21385909046178     
 -6.458100888326058E-015  5.333372377099834E-016 -7.020960517536386E-016
  1.280324957787865E-014 -7.496995939173019E-002  2.747768362422842E-016
 -1.822589700957519E-017  3.507221274513758E-018 -5.212124081692611E-016
   1.25598566551335      -5.146137407796608E-015  1.035335367361290E-014
  4.003747567323393E-015  2.747715907593829E-016 -0.103430829336583     
  2.134460610398546E-016 -4.232073362343095E-016 -1.647942792812378E-016
   1.25598566551335       3.811736182859262E-015  8.566875031825993E-015
 -1.816431913459169E-017  2.133914989393836E-016 -0.103430829336583     
 -1.464251745359928E-016 -3.533052989161863E-016   1.21385909046178     
 -1.779935149447198E-014  3.759853074614038E-018 -4.231394313671624E-016
 -1.463942550194629E-016 -7.496995939172998E-002  7.150884355178397E-016
   1.25598566551335      -5.211558730059243E-016 -1.647990662413801E-016
 -3.532785797167779E-016  7.150324602927475E-016 -0.103430829336583     
  3.461363933836263E-003 -1.774795932225215E-017  1.515765634003693E-018
 -4.099365615431491E-019  3.475228343782709E-017  3.433215766760465E-003
 -1.404657828738625E-017  2.807466293359518E-017  1.102637328152208E-017
  3.433215766760467E-003  1.055925359429360E-017  2.260386713271223E-017
  3.461363933836250E-003 -4.938105984010929E-017  3.433215766760448E-003
