   1.00060003776244       2.388844080620637E-003 -3.187259266735944E-025
  1.262065454399980E-025 -1.109061461689052E-025  4.965120972821855E-025
 -8.073535928914485E-025 -4.093579702015745E-026 -1.469534409102656E-018
 -2.915923156548933E-020 -1.653522078297723E-018  2.417057305518947E-018
  9.666342181215594E-019  5.870391761018692E-020  5.136429654923434E-021
  1.114422084237426E-019 -1.754871026231503E-019 -6.208755273445253E-020
  0.548051398837302       1.277756152061921E-024 -3.223624133610220E-025
  9.858454582416690E-025  1.194716157155875E-025  1.700212821462091E-024
  8.747318497812677E-025 -2.919425539072075E-017 -3.065163115039843E-019
 -6.289752234671354E-017  8.806815398683099E-017  3.415983777451001E-017
  8.710121204915145E-018  3.490736969250845E-019  1.172524919272104E-017
 -1.919624198407402E-017 -6.864647001066265E-018   1.00315196689092     
 -2.131810679746220E-015  2.992991776250635E-016  1.567719608093059E-002
 -1.682393369516299E-017  2.656379355335749E-018 -5.099639813424680E-025
 -1.015918981498281E-026  1.096079376015020E-024 -8.875928769562572E-025
 -8.888698759828925E-025 -1.883286872602113E-026  1.174311892742485E-025
 -6.149230986277197E-025  2.115739925623201E-024  3.244320926849274E-025
   1.00315196689092      -1.155791927728045E-015 -1.682845357851883E-017
  1.567719608093060E-002 -9.334146207097816E-018  2.168547452623393E-024
 -8.688590124226172E-026  1.457708233724063E-024 -3.035868261771269E-024
 -7.707594285574390E-025  1.710935800216841E-024 -1.465961391458130E-025
  1.744748153841340E-024 -3.114061102817518E-024 -1.262003746405284E-024
   1.00315196689092       2.639444220409952E-018 -9.356735756592771E-018
  1.567719608093059E-002  1.475675353043597E-025  2.454493919980958E-026
  7.187230744304681E-025 -4.835462406086712E-025 -7.798356638614824E-025
  3.182520682233733E-025  6.587427220510101E-026  2.591549779940822E-025
  2.808274007932725E-027 -4.803529643122759E-025  9.516602159679064E-003
 -2.043716875171229E-017  3.265002649364142E-018  4.037614679729729E-024
  1.031946237917664E-024  6.752433924887261E-024 -1.077998145553204E-023
 -6.001421925364870E-024  5.957861908215113E-025  2.580641417878048E-026
  1.118587431329554E-024 -1.872861528488480E-024 -9.682467192110138E-025
  9.516602159679057E-003 -1.148896623797612E-017  2.046908321966674E-024
 -5.205209750107194E-026  3.138753190004439E-025 -2.979163319467110E-024
  1.729358148144509E-024  1.248521350036191E-024 -1.482298788830970E-025
  1.606892551613594E-024 -1.200689946208174E-024 -1.222188855594254E-024
  9.516602159679055E-003  1.603246544098549E-024  4.290655225058792E-025
  2.169110934493310E-024 -2.583872685685204E-024 -3.134193826265704E-024
 -2.176175181462262E-024  1.681566292850913E-025 -2.131487562232379E-024
  3.096615921534306E-024  1.392475158417593E-024  0.923912548553047     
 -4.280176887620550E-015  1.703034199762255E-016 -5.685843490033438E-017
  8.527928099212540E-015 -6.963581307840302E-003  7.438987923638364E-017
 -9.212517841005466E-018  5.936899066658190E-018 -1.340154190319021E-016
  0.822289605448487      -3.429534689201914E-015  6.732375330145991E-015
  2.626278003668590E-015  7.441133833925206E-017 -2.774644948020415E-002
  5.602191016620391E-017 -1.140380785568416E-016 -4.422395074492241E-017
  0.822289605448487       3.044469270416119E-015  5.722478931912344E-015
 -9.155404428786347E-018  5.605997318104759E-017 -2.774644948020415E-002
 -2.165849015069186E-017 -9.132215404580481E-017  0.923912548553044     
 -1.238985718434015E-014  5.804584645896216E-018 -1.142374866684429E-016
 -2.138811353560822E-017 -6.963581307840296E-003  1.663859676540879E-016
  0.822289605448482      -1.341359990290518E-016 -4.420896439927824E-017
 -9.129356444914526E-017  1.664391704378659E-016 -2.774644948020400E-002
  1.164097238536232E-003 -5.705542233030664E-018  3.962629546588042E-019
  6.407610846022141E-020  1.114563814279470E-017  1.096993048658560E-003
 -4.514447494736194E-018  8.948735027132620E-018  3.540075838658538E-018
  1.096993048658561E-003  3.641986944303366E-018  7.280233220278254E-018
  1.164097238536230E-003 -1.614283559507607E-017  1.096993048658555E-003
   1.00060396552530       2.357368618914071E-003 -4.968881380217043E-025
  9.929408589909869E-025  4.927742422725531E-025 -1.835763326492134E-025
  4.707361446955547E-025  6.649392736039480E-026 -1.168894793799524E-018
 -2.972377618429466E-020 -1.648272040540060E-018  2.576290258430180E-018
  9.732492005197931E-019  8.478807001898833E-020  5.405514792994086E-021
  1.122275122199914E-019 -1.735790242243442E-019 -6.277936244474173E-020
  0.548122548243600       1.665305542028011E-024 -5.971779101744852E-024
 -2.329718756740124E-024  2.793639747794580E-025  1.540382168046217E-024
  9.269595027334818E-025 -3.549017230194419E-017 -1.619453052804774E-019
 -6.282649875043281E-017  9.012724767251710E-017  3.618544665337797E-017
  1.225736641104617E-017  3.852130966329171E-019  1.175232507100066E-017
 -1.811198883773504E-017 -6.900733021293913E-018   1.00315287801557     
 -2.131817493469914E-015  2.992997500192809E-016  1.566988112183427E-002
 -1.683246877489882E-017  2.687991861388540E-018 -3.346886561259772E-024
 -1.683013799646128E-025 -3.165953568824554E-024  3.410391118901579E-024
  2.098542270165985E-024 -1.802239179616482E-024 -1.063000040546226E-024
 -3.082223833286938E-024  6.675764541370772E-024  2.337854712710448E-024
   1.00315287801557      -1.155805507273891E-015 -1.684150627209284E-017
  1.566988112183426E-002 -9.311444697219698E-018  8.431717136537586E-025
  5.760260969991760E-025  1.286342666635993E-024  1.129888266071469E-024
 -8.206160099353856E-025  1.232311592906849E-024 -2.809161574443352E-025
  1.080327363635836E-024 -3.321955798055622E-024 -1.108665613945047E-024
   1.00315287801557       2.639435413385266E-018 -9.329516885378617E-018
  1.566988112183426E-002 -4.084600034101618E-024 -1.740882826795257E-025
 -4.015423649566635E-024  5.486950163716516E-024  2.603993095592966E-024
  5.624435725616813E-024  3.177802090590721E-025  5.275020164904200E-024
 -6.918517434014800E-024 -3.451481208201539E-024  9.517317993879792E-003
 -2.043272614006341E-017  3.244688333535019E-018 -9.840077991109184E-024
  3.985202073632321E-025 -8.901947965479705E-024  1.360179017221543E-023
  7.064067054768186E-024  1.076139033196984E-024 -7.476593395152211E-026
  1.329457036204091E-024 -2.069823266916796E-024 -9.896913694568900E-025
  9.517317993879788E-003 -1.149350380443182E-017 -3.667586207020299E-024
  7.279083714111968E-025 -5.126524155709767E-024  6.156211169100142E-024
  3.534216178565193E-024  1.028896770439129E-024  9.154233616464360E-027
  7.206629487367637E-025 -1.344888451663085E-024 -2.137565568269738E-025
  9.517317993879787E-003 -4.142451734759198E-025 -9.586289129432406E-025
  5.629718370504758E-025 -1.200955818932589E-024  1.099855091232332E-025
  1.050431303354047E-024  1.092776238574346E-025  1.057152674617415E-024
 -1.287091809448800E-024 -9.316448382424923E-025  0.923951575345210     
 -4.281050272841217E-015  1.701941262043943E-016 -4.779895693944232E-017
  8.527983266708525E-015 -6.968167266297217E-003  7.440767635017770E-017
 -9.180982974222700E-018  6.212333108268414E-018 -1.339149619953949E-016
  0.822355889096626      -3.431134455016647E-015  6.733249904892667E-015
  2.625451508849793E-015  7.440277495845750E-017 -2.775271295392137E-002
  5.601545963428013E-017 -1.140707786628497E-016 -4.423200699997273E-017
  0.822355889096626       3.044617029366127E-015  5.723208416552967E-015
 -9.168330880616885E-018  5.601739780808215E-017 -2.775271295392140E-002
 -2.165397046545837E-017 -9.131355791315292E-017  0.923951575345207     
 -1.239056320971581E-014  6.052822440361955E-018 -1.142854325526749E-016
 -2.132147402403073E-017 -6.968167266297211E-003  1.664301381815032E-016
  0.822355889096621      -1.340488888581881E-016 -4.425092725763371E-017
 -9.131205476074549E-017  1.664641173313767E-016 -2.775271295392123E-002
  1.164281872254344E-003 -5.704336093402764E-018  3.970122687065154E-019
  4.467329442034558E-020  1.114843224265207E-017  1.097052744718388E-003
 -4.515574128878338E-018  8.948766247689910E-018  3.536650628427035E-018
  1.097052744718388E-003  3.641711887494014E-018  7.280253822655271E-018
  1.164281872254343E-003 -1.614234657191743E-017  1.097052744718382E-003
   1.00509622809866      -2.283514227252979E-002  6.364709741747144E-025
 -1.136532700548707E-024  6.841000541286158E-026  5.423750302912469E-025
 -1.611856089851884E-025  2.437876908409581E-025 -1.829515492615997E-018
 -4.869199037871039E-020 -2.286376375506665E-018  3.507402715980335E-018
  1.335072555068048E-018  1.461546361377331E-019  9.503610631853148E-021
  2.578287703652442E-019 -4.238240768635622E-019 -1.525979732781014E-019
  0.529945463955781      -5.898910552815652E-024  5.362603000628071E-024
 -1.531534231363334E-024  1.131244344885292E-024 -1.562909129103784E-024
 -2.095030635992284E-025 -6.013925120577627E-017 -1.869495708555835E-018
 -1.173985485949616E-016  1.845812461941455E-016  6.982018287468479E-017
  1.129592410479612E-017  3.002758815462367E-019  1.379132729050147E-017
 -2.103159573167011E-017 -8.021376538536537E-018   1.00286788507809     
 -2.131258515101411E-015  2.993352433519818E-016  8.700357268745977E-003
 -9.425665920291880E-018  1.683701405414183E-018 -6.701328334127968E-024
 -3.679534436592189E-025 -7.819356667695561E-024  1.228502613673370E-023
  6.244197250636748E-024  4.957325949576548E-024 -2.783802140109030E-025
  6.705012340427722E-024 -9.317735698561035E-024 -5.795215528880033E-024
   1.00286788507809      -1.155607677309896E-015 -9.427904555876960E-018
  8.700357268745974E-003 -5.488145467935032E-018 -6.865446360122915E-025
  4.751170992252450E-025 -9.827394343792032E-025  2.976957176475100E-025
  2.774082461677926E-025  1.223401121006919E-024 -5.134105123099781E-025
  1.277223563275050E-024 -2.061784201260663E-024 -6.904253378957892E-025
   1.00286788507809       1.708242774382039E-018 -5.512998042384490E-018
  8.700357268745965E-003  1.833049076265252E-024 -2.562831138240933E-025
  2.347120543840961E-024 -3.193329605814732E-024 -1.471342369900821E-024
  1.941740687880400E-024 -1.454868883011912E-025  1.802016683162299E-024
 -2.592722796863336E-024 -1.426020284746913E-024  1.096848947905362E-002
 -2.356351037021581E-017  3.791255560879849E-018 -1.267983579144171E-023
 -1.998187973292582E-025 -1.423089619753252E-023  2.180586474331349E-023
  1.064902098701817E-023  2.941903907201013E-024  1.037960268273670E-025
  3.612545392228711E-024 -5.239310336896832E-024 -2.394367202319643E-024
  1.096848947905361E-002 -1.330732087072619E-017 -1.150499511859860E-024
  6.144305936516028E-025 -2.079716179929499E-024  2.331984950813793E-024
  1.027472369200855E-024 -9.325745973198134E-025 -5.222741934648751E-026
 -1.471053041208905E-024  9.654278716808757E-025  9.674035487794627E-025
  1.096848947905361E-002  2.690399304356603E-025 -2.977457044360615E-025
  4.426095550493002E-025 -6.772162755881318E-025  4.649249624439281E-025
  1.428902729641977E-024  1.113574646215254E-025  1.397799790721517E-024
 -2.496539107550953E-024 -1.062122415173602E-024  0.247980932909739     
 -2.445519417587768E-015  1.542958985803854E-016 -7.171755644502775E-017
  4.552621980837745E-015 -4.247053684448700E-002  1.505342635695178E-016
 -1.050887748845743E-017  3.818972748821485E-018 -2.868630948115496E-016
  0.454667135789064      -1.881181070971896E-015  3.731399238230912E-015
  1.443417126204844E-015  1.505199739156680E-016 -5.689941406812871E-002
  1.171692045491818E-016 -2.331193294142373E-016 -9.068178417508888E-017
  0.454667135789064       1.175114896579616E-015  3.163348673231186E-015
 -1.037951680717296E-017  1.172176782755392E-016 -5.689941406812868E-002
 -8.074070150021759E-017 -1.944110982069294E-016  0.247980932909738     
 -6.068396234993944E-015  4.113752315286490E-018 -2.330418795869869E-016
 -8.074799676065609E-017 -4.247053684448689E-002  3.934436658789962E-016
  0.454667135789061      -2.869460879414527E-016 -9.065285395033345E-017
 -1.943692738662727E-016  3.933798278622426E-016 -5.689941406812839E-002
  1.930810112506168E-003 -1.027362887493224E-017  8.158552384410844E-019
 -2.982263177781733E-019  2.006496402521509E-017  1.979170170264096E-003
 -8.091788451215508E-018  1.616956706944509E-017  6.346729090622303E-018
  1.979170170264096E-003  6.119204194925976E-018  1.314197186443541E-017
  1.930810112506164E-003 -2.840573327440186E-017  1.979170170264086E-003
   1.00510226568401      -2.288018484137017E-002  1.093494948257366E-024
  5.415902635669721E-025  7.716448046155870E-025 -1.624068772704196E-025
  9.132572554088658E-025  3.225433152053848E-025 -1.647940982146555E-018
 -4.727827606502471E-020 -2.285608348270529E-018  3.449645942118291E-018
  1.328179137820329E-018  1.892956301184366E-019  8.126625421562253E-021
  2.601322229237742E-019 -4.184151972231067E-019 -1.528185243785446E-019
  0.529959263416452      -7.088085800485554E-024 -4.730752054794866E-024
 -6.343120399258820E-024  1.813421912119129E-024 -7.082410399958471E-024
 -1.614626756266775E-024 -8.271339633787858E-017 -1.869543974779893E-018
 -1.174043164345330E-016  1.846573624662681E-016  6.982372271561191E-017
  1.126539530845340E-017  2.980203459208006E-019  1.378250058392600E-017
 -2.205280939270359E-017 -8.021473941877783E-018   1.00286802388148     
 -2.131247375345385E-015  2.993465411105907E-016  8.685859923001284E-003
 -9.408797040296818E-018  1.671522984301864E-018 -1.214269648600405E-023
 -1.588572802849782E-024 -1.568584306270315E-023  2.599262109657285E-023
  1.241432661172338E-023 -4.521848454058227E-024  4.448082518285718E-027
 -5.029790682998687E-024  8.159168609094507E-024  3.331035777757354E-024
   1.00286802388148      -1.155585099311833E-015 -9.406446737061887E-018
  8.685859923001282E-003 -5.496968763702148E-018 -4.268900709411041E-025
  4.206195123274876E-025 -2.460913980784827E-024 -2.872219057173319E-024
  1.247704361870035E-024 -1.077034935343315E-024  7.130966337826901E-026
 -5.118115145757748E-025  2.256821022235610E-024  2.575374587434267E-025
   1.00286802388148       1.693521897171892E-018 -5.499233873712914E-018
  8.685859923001282E-003  1.576426429852677E-023  2.672865515436642E-025
  1.513519533227011E-023 -2.110244064484670E-023 -1.002766260959208E-023
 -2.650194712439997E-024  1.956616047325511E-025 -2.593006044455423E-024
  4.044972675402860E-024  2.401390105745375E-024  1.096833620207145E-002
 -2.356118597473138E-017  3.800151367578000E-018 -5.776378413984433E-024
  1.303219507921569E-026 -6.386015638769830E-024  1.022894058950897E-023
  5.504254233175599E-024 -4.160284602500579E-025 -8.360261183102096E-026
 -1.506519447367147E-026  6.465396480394265E-025 -7.932030200467587E-026
  1.096833620207145E-002 -1.331636032753914E-017 -3.722685580712607E-024
  3.608966450374894E-025 -4.313496435512380E-024  4.877367204687373E-024
  1.606806491709547E-024  2.621279554657915E-025 -1.477137711138640E-025
  4.749682132468848E-025 -6.888512670515361E-025 -4.990268545332999E-025
  1.096833620207143E-002 -6.844204358877844E-025  4.785007826256116E-026
 -5.275378147725480E-025  1.194987838855580E-025  9.052805072125635E-025
 -2.970138091723102E-025 -3.062074290304555E-026 -3.248667773045756E-026
  1.125831523304372E-025  1.211907843889394E-025  0.247923181933936     
 -2.444577054386258E-015  1.551893313522832E-016 -7.047402885996051E-017
  4.550182137125714E-015 -4.247134902357222E-002  1.505416493754330E-016
 -1.049863881420095E-017  3.946420722662570E-018 -2.868895100817915E-016
  0.454528496481307      -1.879865010167846E-015  3.729857137398503E-015
  1.442868132784520E-015  1.505146303540601E-016 -5.690654797610998E-002
  1.171966618017607E-016 -2.331011931344482E-016 -9.067742468952810E-017
  0.454528496481307       1.174692590903264E-015  3.161977324287301E-015
 -1.037725012651000E-017  1.172406733035886E-016 -5.690654797611002E-002
 -8.075215909845924E-017 -1.944769441979131E-016  0.247923181933935     
 -6.066135562423895E-015  4.132923799925931E-018 -2.330852945515812E-016
 -8.077355257593852E-017 -4.247134902357214E-002  3.934910014037390E-016
  0.454528496481305      -2.869589419538647E-016 -9.067902382818649E-017
 -1.943944906963686E-016  3.934386132522655E-016 -5.690654797610969E-002
  1.931270717360055E-003 -1.027708506158835E-017  8.164563987802220E-019
 -3.034315467789784E-019  2.007211101633754E-017  1.980059646617246E-003
 -8.102036494649601E-018  1.617322427922776E-017  6.349484924222030E-018
  1.980059646617245E-003  6.115770114092522E-018  1.314802638747935E-017
  1.931270717360049E-003 -2.841745697888341E-017  1.980059646617236E-003
