   2.00385747168800      -7.284636819922963E-003  5.295951996540516E-025
  5.619918800379431E-026  2.575091084306001E-025 -2.573087397675301E-024
 -3.156697804660917E-024 -2.852203250145289E-024 -2.819071499601016E-018
 -5.713678273626665E-020 -4.191605995403447E-018  6.951600942235303E-018
  2.505432279024986E-018  6.666959021768720E-020  1.017199887977965E-020
  3.154855347702543E-019 -5.205966321950655E-019 -1.770359533175657E-019
   1.13094847346515      -2.478425617796318E-024  1.899722372437564E-024
 -1.121360734018982E-024 -1.980675942082500E-023 -4.038402253441634E-024
 -1.340418053285760E-023 -1.465024208125002E-016  2.663017773484864E-018
 -2.374594668598544E-016  3.435881324898857E-016  1.537026728584396E-016
  2.591430123893059E-017  7.409130235969970E-019  2.585302381286810E-017
 -4.151215459053037E-017 -1.484194151879438E-017   2.00652772200889     
 -4.264155780645308E-015  5.987749457894423E-016  3.026863520603318E-002
 -3.259541796279111E-017  5.355595205346469E-018  3.391498020255403E-021
 -2.451807224004778E-022  8.417093798558847E-021 -1.065817648651780E-020
  6.698573810959899E-021  7.172318415402705E-023 -8.463686965266928E-024
  1.577161311852876E-022 -2.191950171796029E-022 -1.246259451834169E-022
   2.00652772200889      -2.311986658293081E-015 -3.261375526049438E-017
  3.026863520603318E-002 -1.844181245825664E-017  5.944234124713455E-021
 -5.495373970330817E-022 -4.609857339826119E-021 -8.149291550178646E-021
 -3.802895606398084E-021  1.083557008361442E-022 -1.290473269564419E-023
  5.818290775855556E-023 -1.438860800844575E-022 -7.414258277891512E-023
   2.00652772200889       5.388292528948483E-018 -1.834242295647844E-017
  3.026863520603318E-002 -1.259824065290892E-021  7.308780793928590E-022
 -3.588860670188211E-022  8.913681018272874E-022 -4.161226193709090E-022
 -3.038833411637961E-023 -5.799025406721819E-023  1.212961055034399E-023
 -1.663860502259826E-023 -2.033523702265299E-023  2.251138138100795E-002
 -4.831875494385122E-017  7.724564742015428E-018  5.160097129775075E-021
 -4.250397294936495E-022  1.169340346257103E-020 -1.629623784532488E-020
 -8.334057315523133E-021  1.064033296785523E-022 -7.776217811267059E-024
  2.379408826874616E-022 -3.177677181318432E-022 -1.557838904926390E-022
  2.251138138100794E-002 -2.719481144966508E-017  6.575995677916564E-021
 -6.065493842148452E-022 -9.995813673442354E-022 -1.022331489497345E-020
 -5.251149964664498E-021  1.594569622718207E-022 -1.349685213891511E-023
  1.316530281085437E-022 -1.985345398467130E-022 -1.053566892348552E-022
  2.251138138100793E-002 -1.958460361792148E-021 -7.122493228513488E-021
 -5.664417536050634E-022  1.349058038045786E-021 -5.096439172670085E-022
 -5.819574099118766E-023 -3.603271597503722E-026 -1.609756889071415E-023
  1.947438160836991E-023 -9.272412144177292E-024   1.21186967569319     
 -6.449871207765932E-015  5.312466209088349E-016 -6.823109153921126E-016
  1.277767675798474E-014 -7.073974452988552E-002  2.608044687352909E-016
 -1.718189068581160E-017  1.868555329472974E-018 -4.941543010176369E-016
   1.25412769048963      -5.135955999243505E-015  1.033772234959305E-014
  3.998954091528598E-015  2.608025142287759E-016 -9.811418436499890E-002
  2.021675828039500E-016 -4.013989126595690E-016 -1.562298253227731E-016
   1.25412769048963       3.802360322515638E-015  8.552228464909539E-015
 -1.717337974469290E-017  2.023390474399677E-016 -9.811418436499889E-002
 -1.386236003698043E-016 -3.351276374872214E-016   1.21186967569319     
 -1.776638968938712E-014  2.649008738326416E-018 -4.013006561382593E-016
 -1.385661882318791E-016 -7.073974452988536E-002  6.778322996150473E-016
   1.25412769048962      -4.942600697558109E-016 -1.563769718572060E-016
 -3.351105254118239E-016  6.778082311281421E-016 -9.811418436499841E-002
  3.108778424001285E-003 -1.600300769146967E-017  1.377114662021581E-018
 -3.318281619276537E-019  3.129433331920580E-017  3.094134214140926E-003
 -1.263726403768512E-017  2.529962272234631E-017  9.954851730355371E-018
  3.094134214140928E-003  9.495517188582949E-018  2.035064573161616E-017
  3.108778424001276E-003 -4.447491113518860E-017  3.094134214140909E-003
   2.00385325371015      -7.306953139175214E-003 -3.784392284867902E-025
 -3.130537726050776E-025 -3.623605977438207E-025  4.116725645314611E-024
 -2.463087992876574E-024  1.985432031245249E-024 -2.368475281849370E-018
 -5.714297895415947E-020 -4.195000009598824E-018  6.574885012300478E-018
  2.532391479206456E-018  1.638167703047716E-019  8.783818583643637E-021
  3.121757033438522E-019 -4.803390956174082E-019 -1.748123484037436E-019
   1.13070942353083      -1.107732384161484E-023  5.774272297403581E-024
 -4.352296930139173E-024 -3.242138382642599E-024 -4.613575771211171E-025
 -2.014755760072507E-024 -1.731816233986187E-016  2.662689550223041E-018
 -2.374798752167277E-016  3.402895991681073E-016  1.537147174763186E-016
  1.682049069918419E-017  7.228541415432403E-019  2.577640104239160E-017
 -4.321160379381364E-017 -1.471578229676181E-017   2.00652477954863     
 -4.264155796147854E-015  5.987726195868988E-016  3.019820014132386E-002
 -3.251762142768962E-017  5.338405355163211E-018 -5.560387510720436E-021
  3.271703579597359E-022 -1.111212755099385E-020  1.474141940868667E-020
  2.289669010704311E-021 -1.161551846118082E-022  7.479835564356802E-024
 -2.244780855191875E-022  3.025251824789836E-022  1.410246729639474E-022
   2.00652477954863      -2.311878221453381E-015 -3.249981554143466E-017
  3.019820014132386E-002 -1.832340188390697E-017 -5.675549122932839E-021
  7.316663973936519E-022  7.398708780602729E-021  8.181495157789063E-021
  3.427437444664335E-021 -1.205302276748590E-022  1.499334755598269E-023
 -1.648055083670662E-022  1.697868464424198E-022  9.339670720661974E-023
   2.00652477954863       5.385793438373399E-018 -1.828725932390859E-017
  3.019820014132385E-002 -2.825669857165024E-022  2.002864043769186E-021
 -1.651275338938820E-021  2.462137769701916E-021  1.970701570987161E-021
  5.672170685708477E-023  4.732403140450433E-023  1.985090604359290E-024
 -1.129405914944611E-023  1.628515273112967E-023  2.250388540948899E-002
 -4.829203595906164E-017  7.722152075997075E-018 -7.526209652089690E-021
  4.460556401754901E-022 -1.528583674233740E-020  2.110210657101619E-020
  4.022194620016026E-021 -1.540156038369931E-022  9.960452538474802E-024
 -3.157587213059732E-022  4.110603117170449E-022  2.304294381845923E-022
  2.250388540948899E-002 -2.719471586295445E-017 -6.758123483701652E-021
  8.919327472582481E-022  5.251867424740630E-021  1.100284492880668E-020
  4.604168245448716E-021 -1.432376786457768E-022  1.912358331534970E-023
 -1.074789512770787E-022  2.342640598385835E-022  9.910496060370367E-023
  2.250388540948898E-002 -1.116790512265814E-021  1.156570187916586E-020
 -2.103757309881549E-021  2.855289453293161E-021  2.676638337689057E-021
 -1.219066171336582E-023  3.074317142699243E-023 -4.113216986439458E-023
  4.639063414593967E-023  5.300849882435749E-023   1.21328599939705     
 -6.441270226524817E-015  5.313395564712913E-016 -6.809290585564698E-016
  1.276522423253782E-014 -7.075318993618834E-002  2.610337959252660E-016
 -1.718207500709767E-017  1.743686603909373E-018 -4.946517462757107E-016
   1.25280628610198      -5.134015596043594E-015  1.032463915888663E-014
  3.996237109709366E-015  2.610455387648599E-016 -9.820134561269274E-002
  2.025593651775119E-016 -4.017704614346416E-016 -1.564704924377081E-016
   1.25280628610198       3.801758726321547E-015  8.547161095823212E-015
 -1.721205903759816E-017  2.025592164931939E-016 -9.820134561269277E-002
 -1.387424823450275E-016 -3.354089988848891E-016   1.21328599939705     
 -1.775679088539330E-014  1.875581042670128E-018 -4.017106030695994E-016
 -1.386656074216417E-016 -7.075318993618815E-002  6.782735705797981E-016
   1.25280628610197      -4.945941467104292E-016 -1.564691807615269E-016
 -3.354099028763134E-016  6.782450660649649E-016 -9.820134561269220E-002
  3.112150667437105E-003 -1.602871555549557E-017  1.377058294893009E-018
 -3.417378408744758E-019  3.135692614666386E-017  3.098839137922920E-003
 -1.265248992545029E-017  2.533285780139880E-017  9.969367713714451E-018
  3.098839137922917E-003  9.513669329560522E-018  2.039175852680494E-017
  3.112150667437095E-003 -4.453597576740185E-017  3.098839137922904E-003
