 229   3     23.1850

 0.0, 0.0, 0.0, strain, strain, strain   

    -0.01800000    -8.57158278     0.05813469     0.05760850
    -0.01500000    -8.57418245     0.04017190     0.04017000
    -0.01200000    -8.57629494     0.02557534     0.02586605
    -0.00900000    -8.57792511     0.01431138     0.01469665
    -0.00600000    -8.57908053     0.00632784     0.00666181
    -0.00300000    -8.57976855     0.00157388     0.00176152
     0.00000000    -8.57999633     0.00000000    -0.00000421
     0.00300000    -8.57977085     0.00155803     0.00136461
     0.00600000    -8.57909889     0.00620103     0.00586799
     0.00900000    -8.57798706     0.01388334     0.01350592
     0.01200000    -8.57644182     0.02456045     0.02427840
     0.01500000    -8.57446941     0.03818906     0.03818544
     0.01800000    -8.57207947     0.05470277     0.05522704

 strain, strain, 0.0, 0.0, 0.0, 0.0000   

    -0.01800000    -8.56269005     0.11958031     0.11823495
    -0.01500000    -8.56809843     0.08221029     0.08218552
    -0.01200000    -8.57247076     0.05199904     0.05267815
    -0.00900000    -8.57583423     0.02875864     0.02971285
    -0.00600000    -8.57820817     0.01235560     0.01328961
    -0.00300000    -8.57958872     0.00281645     0.00340845
     0.00000000    -8.57999633     0.00000000     0.00006935
     0.00300000    -8.57945289     0.00375497     0.00327231
     0.00600000    -8.57798003     0.01393196     0.01301735
     0.00900000    -8.57559916     0.03038292     0.02930445
     0.01200000    -8.57233111     0.05296396     0.05213362
     0.01500000    -8.56819669     0.08153138     0.08150485
     0.01800000    -8.56321631     0.11594407     0.11741815

 strain, strain, strain, 0.0, 0.0, 0.0   

    -0.01800000    -8.54374385     0.25049192     0.24664431
    -0.01500000    -8.55510698     0.17197666     0.17199076
    -0.01200000    -8.56425383     0.10877518     0.11076425
    -0.00900000    -8.57127332     0.06027297     0.06296477
    -0.00600000    -8.57622924     0.02602926     0.02859235
    -0.00300000    -8.57911819     0.00606768     0.00764698
     0.00000000    -8.57999633     0.00000000     0.00012865
     0.00300000    -8.57892320     0.00741497     0.00603737
     0.00600000    -8.57595705     0.02791004     0.02537313
     0.00900000    -8.57115506     0.06109011     0.05813594
     0.01200000    -8.56457251     0.10657317     0.10432581
     0.01500000    -8.55626399     0.16398214     0.16394270
     0.01800000    -8.54628267     0.23294956     0.23698665
