 229   3     23.5517

 0.0, 0.0, 0.0, strain, strain, strain   

    -0.01800000    -8.77347633     0.06036680     0.05902371
    -0.01500000    -8.77627823     0.04130809     0.04136472
    -0.01200000    -8.77851906     0.02606587     0.02683037
    -0.00900000    -8.78022467     0.01446418     0.01542066
    -0.00600000    -8.78141830     0.00634506     0.00713557
    -0.00300000    -8.78212083     0.00156642     0.00197513
     0.00000000    -8.78235112     0.00000000    -0.00006069
     0.00300000    -8.78212627     0.00152941     0.00102813
     0.00600000    -8.78146194     0.00604823     0.00524159
     0.00900000    -8.78037256     0.01345828     0.01257968
     0.01200000    -8.77887160     0.02366787     0.02304240
     0.01500000    -8.77697182     0.03659028     0.03662976
     0.01800000    -8.77468544     0.05214230     0.05334175

 strain, strain, 0.0, 0.0, 0.0, 0.0000   

    -0.01800000    -8.77298502     0.07117229     0.07032558
    -0.01500000    -8.77721479     0.04240119     0.04241780
    -0.01200000    -8.78036021     0.02100585     0.02148070
    -0.00900000    -8.78243374     0.00690165     0.00751428
    -0.00600000    -8.78344838     0.00000000     0.00051854
    -0.00300000    -8.78341686     0.00021439     0.00049348
     0.00000000    -8.78235112     0.00746363     0.00743910
     0.00300000    -8.78026234     0.02167158     0.02135540
     0.00600000    -8.77716108     0.04276655     0.04224238
     0.00900000    -8.77305746     0.07067957     0.07010003
     0.01200000    -8.76796064     0.10534842     0.10492837
     0.01500000    -8.76187985     0.14671024     0.14672739
     0.01800000    -8.75482396     0.19470478     0.19549707

 strain, strain, strain, 0.0, 0.0, 0.0   

    -0.01800000    -8.75654883     0.18436821     0.18056483
    -0.01500000    -8.76665123     0.11565118     0.11576941
    -0.01200000    -8.77434926     0.06328880     0.06543597
    -0.00900000    -8.77970833     0.02683609     0.02956448
    -0.00600000    -8.78279049     0.00587108     0.00815496
    -0.00300000    -8.78365363     0.00000000     0.00120741
     0.00000000    -8.78235112     0.00885972     0.00872184
     0.00300000    -8.77893223     0.03211520     0.03069823
     0.00600000    -8.77344273     0.06945501     0.06713659
     0.00900000    -8.76592585     0.12058525     0.11803691
     0.01200000    -8.75642158     0.18523377     0.18339921
     0.01500000    -8.74496920     0.26313347     0.26322347
     0.01800000    -8.73160680     0.35402520     0.35750969
