 229   3     22.5475

 0.0, 0.0, 0.0, strain, strain, strain   

    -0.01800000  -269.67485219     0.03414779     0.03308861
    -0.01200000  -269.67790147     0.01248266     0.01360446
    -0.00600000  -269.67965836     0.00000000     0.00283358
     0.00000000  -269.67909827     0.00397945     0.00077595
     0.00600000  -269.67822939     0.01015282     0.00743159
     0.01200000  -269.67707768     0.01833575     0.02280049
     0.01800000  -269.67285767     0.04831885     0.04688264

 strain, strain, 0.0, 0.0, 0.0, 0.0000   

    -0.01800000  -269.64567318     0.24453770     0.24355286
    -0.01200000  -269.66144524     0.13247726     0.13067449
    -0.00600000  -269.67361901     0.04598270     0.05190492
     0.00000000  -269.67909827     0.00705258     0.00724417
     0.00600000  -269.68009089     0.00000000    -0.00330776
     0.01200000  -269.67685734     0.02297435     0.02024913
     0.01800000  -269.66950566     0.07520806     0.07791484

 strain, strain, strain, 0.0, 0.0, 0.0   

    -0.01800000  -269.61857407     0.43002421     0.42601211
    -0.01200000  -269.64837225     0.21830822     0.22009743
    -0.00600000  -269.66883168     0.07294410     0.07944974
     0.00000000  -269.67909827     0.00000000     0.00406908
     0.00600000  -269.67868908     0.00290727    -0.00604456
     0.01200000  -269.67145456     0.05430850     0.04910884
     0.01800000  -269.65605398     0.16372958     0.16952923
