   2.00386168396218      -7.379893654865761E-003  5.669963517046927E-025
 -1.211006341212144E-024  1.530764361883935E-025  1.076547490415824E-024
 -2.164385706444213E-024 -2.305608449110369E-025 -3.062549145059836E-018
 -4.077286029073366E-020 -4.111810439985387E-018  6.719788759614071E-018
  2.441849272239310E-018  2.191942908185403E-019  1.081321577036960E-020
  3.252159267707652E-019 -5.019518555402223E-019 -1.817977530703942E-019
   1.11229290953590      -1.044160963693140E-023  1.377984109963483E-023
 -4.189225356507730E-024 -2.111799007433836E-023  3.703671150171773E-024
 -1.058288179893891E-023 -2.017575547182755E-016  1.868365947191318E-018
 -2.385561857659953E-016  3.584439296517841E-016  1.518336102063632E-016
  2.391309910970155E-017  6.010043703365594E-019  2.475696745033894E-017
 -3.875678099520740E-017 -1.382014520366783E-017   2.00635516454424     
 -4.263772521782107E-015  5.987191957618108E-016  2.964308082203066E-002
 -3.187876735091138E-017  5.187161956598920E-018 -2.490436420687393E-023
 -1.390406748389017E-023  4.213635596857787E-023 -3.131150407135483E-023
  4.802284109838642E-022  9.455845202061568E-024 -1.382791486648602E-024
  4.474833195171527E-024 -2.587625738734167E-024 -1.450744107156397E-024
   2.00635516454424      -2.311692439436020E-015 -3.186984203963189E-017
  2.964308082203066E-002 -1.795336590111091E-017  6.714195077873748E-023
 -6.134471900073552E-024  7.629901243179575E-022 -8.809081298116576E-023
 -5.737403245113698E-023 -5.543085758423802E-024 -2.349893746273911E-024
 -1.559977033309306E-023  4.293240836185278E-024 -2.500013911244423E-024
   2.00635516454424       5.209705953696548E-018 -1.800306239569670E-017
  2.964308082203065E-002 -6.458783845115189E-024 -2.725062185177685E-022
  1.358745325149772E-023 -1.041822157318031E-023 -7.260481147349940E-024
 -2.613565184139506E-024 -5.155436094507482E-024 -2.867890926817829E-024
  5.261999947990493E-024  5.102929010444147E-024  2.181550559500945E-002
 -4.679017991151516E-017  7.470132079632530E-018 -1.098035733956960E-023
 -2.112610648197393E-023  7.962298769877869E-023 -4.961793933162126E-023
  9.219378527338080E-022  5.840185045801755E-024  3.181282692786474E-025
  4.153066576597365E-024 -1.743011915194822E-024 -6.058745955520145E-024
  2.181550559500945E-002 -2.637824896559372E-017  1.079766349277315E-022
 -2.319550743635533E-023 -3.695377513013385E-023 -1.790565149327764E-022
 -8.754362687392298E-023 -8.031117001609388E-024 -1.568594479525041E-024
 -8.815400015300354E-024  7.955605038041315E-024 -1.352463667758503E-024
  2.181550559500944E-002  5.022128817628485E-023 -8.073748016642363E-022
  8.051206388481760E-023 -9.987226311355274E-023 -5.405866551296772E-023
 -1.208493593125318E-023  4.736593800090321E-024 -1.124167927452942E-023
  1.508908823615066E-023  1.060217773604961E-023   1.21221507017458     
 -6.438772115985739E-015  5.317924140050273E-016 -6.948944321910895E-016
  1.275843597533979E-014 -6.875605131983836E-002  2.541722570111162E-016
 -1.679110577379478E-017  2.518872071895803E-018 -4.816678504447614E-016
   1.25214478944174      -5.134545322084973E-015  1.032295963792369E-014
  3.990083184001971E-015  2.542403830395058E-016 -9.565496401740690E-002
  1.972464074434571E-016 -3.913820957702389E-016 -1.524509806281307E-016
   1.25214478944174       3.800556026396189E-015  8.540118089189250E-015
 -1.678002328416365E-017  1.972463989070244E-016 -9.565496401740690E-002
 -1.349392847225063E-016 -3.265176868498825E-016   1.21221507017457     
 -1.774055856501075E-014  2.641432525129583E-018 -3.913242071499445E-016
 -1.349666055612989E-016 -6.875605131983807E-002  6.605353998866796E-016
   1.25214478944173      -4.816654637319697E-016 -1.523522419864860E-016
 -3.265002482870162E-016  6.604587528797401E-016 -9.565496401740638E-002
  2.950099643733156E-003 -1.521940248859495E-017  1.312741131354922E-018
 -2.871941722568185E-019  2.974577956931584E-017  2.942435049772100E-003
 -1.202816512893351E-017  2.405789454677022E-017  9.468658124504399E-018
  2.942435049772101E-003  9.014464051569323E-018  1.935223652221750E-017
  2.950099643733151E-003 -4.227478566596315E-017  2.942435049772086E-003
   2.00386579442440      -7.408430079481051E-003 -4.454498871268690E-025
 -4.323848007687969E-026 -2.227264345863144E-025 -7.722664285469443E-025
  2.373528368375227E-024  6.889240577441355E-025 -4.507070990293157E-018
 -4.303174020382625E-020 -4.118967943595424E-018  6.306448882106073E-018
  2.433764760249552E-018  1.749716098491217E-019  1.139518226666087E-020
  3.249056576920738E-019 -4.954283546265996E-019 -1.815058504961067E-019
   1.11237048513036       1.430602039231259E-023 -2.693108436171534E-023
  1.443010397800116E-024 -5.315534119617990E-024 -1.785898207580374E-023
 -8.269600869404007E-024 -2.019245493237987E-016  2.663563100661942E-018
 -2.367432696550765E-016  3.684093992298814E-016  1.511018962316916E-016
  1.600139998227022E-017  5.467880720913063E-019  2.486936711691306E-017
 -4.070786260363483E-017 -1.381966308759328E-017   2.00635748218160     
 -4.263768175987167E-015  5.986966256932525E-016  2.963001955941418E-002
 -3.186374099214116E-017  5.187139027812815E-018 -5.222374836297512E-023
  2.682285916770443E-024 -9.355754070764440E-023  1.040079911905954E-022
 -2.488546542185273E-022 -4.877020420055697E-024 -2.687947519407231E-025
 -8.280360746367523E-024  7.494325255911222E-024  9.802550347494331E-025
   2.00635748218160      -2.311724076528458E-015 -3.184112070429174E-017
  2.963001955941418E-002 -1.795309605314986E-017 -2.263713139380037E-023
  1.476391843325597E-023  1.541590513137831E-021  5.043389974008798E-023
  1.480006923362488E-023 -1.341711120104412E-024  9.696330504849991E-025
 -4.238887745811715E-024  5.876521739680143E-024 -8.242840078358298E-025
   2.00635748218160       5.208550570875658E-018 -1.797568749025631E-017
  2.963001955941417E-002 -1.601686896340459E-023 -3.240323867795337E-022
 -2.697021129699090E-023  3.379345224449659E-023  1.887903374743273E-023
 -5.837679196775718E-024 -1.082840669714517E-024 -7.001436523193216E-024
  1.004368048626238E-023  5.122316282502748E-024  2.181532872407570E-002
 -4.677989333605023E-017  7.478073099450489E-018  9.605530396930870E-023
  5.536075449186515E-024  4.239981346931175E-023 -1.501310397068751E-022
 -1.715338077999343E-021 -5.251124227760736E-024  8.774844672896725E-025
 -5.151887904909624E-024  4.292148941741159E-024  4.459932093654535E-024
  2.181532872407569E-002 -2.633296967866159E-017 -4.898766570553902E-023
  2.205427797096516E-023 -1.174533132375728E-021  1.049883670222343E-022
  7.806241747523236E-023  5.987283932847951E-024  3.424897609165079E-025
  4.754746063700481E-024 -2.440551380091030E-024 -6.078986135661652E-024
  2.181532872407568E-002  9.577166168774609E-023  8.667060736130276E-022
  3.598544751798784E-023 -7.910241643696323E-023 -4.044580275386165E-023
 -1.643495664717975E-023 -8.477441071181280E-024 -1.513501869198908E-023
  2.322556234649128E-023  1.065174985163660E-023   1.21138900307777     
 -6.443904797378803E-015  5.338283675063785E-016 -7.079935728740575E-016
  1.276522554771160E-014 -6.883373283510898E-002  2.543239137177388E-016
 -1.679589177873909E-017  2.762711483621962E-018 -4.818231204320521E-016
   1.25292293665127      -5.136372819415938E-015  1.032966364544866E-014
  3.995837381525283E-015  2.543228708308797E-016 -9.569534903108150E-002
  1.974117176924675E-016 -3.914507148278046E-016 -1.525861611134677E-016
   1.25292293665127       3.801624018269707E-015  8.545127117546599E-015
 -1.679751355814740E-017  1.973665659054342E-016 -9.569534903108148E-002
 -1.351019369797241E-016 -3.267093838155223E-016   1.21138900307777     
 -1.774862025610738E-014  2.126485555541716E-018 -3.914080786376584E-016
 -1.350578622791273E-016 -6.883373283510870E-002  6.608643130968622E-016
   1.25292293665126      -4.819064603963448E-016 -1.522766855962329E-016
 -3.266470575365575E-016  6.608301493338054E-016 -9.569534903108091E-002
  2.950481700724734E-003 -1.522355998170207E-017  1.315113109671784E-018
 -3.181015891331463E-019  2.975333129928280E-017  2.943154305182332E-003
 -1.203365421421756E-017  2.406751518599079E-017  9.467599461577876E-018
  2.943154305182329E-003  9.017415456052382E-018  1.935743889312343E-017
  2.950481700724728E-003 -4.228811114888834E-017  2.943154305182316E-003
